, 21.78, 21.79
1, 21.95, 400.000000
1, 21.94, 200.000000
1, 21.93, 400.000000
1, 21.92, 600.000000
1, 21.91, 200.000000
1, 21.90, 1800.000000
1, 21.89, 500.000000
1, 21.88, 200.000000
1, 21.87, 400.000000
1, 21.86, 600.000000
1, 21.85, 800.000000
1, 21.84, 400.000000
1, 21.82, 1000.000000
1, 21.81, 300.000000
1, 21.80, 400.000000
1, 21.79, 700.000000
2, 21.78, 2200.000000
2, 21.76, 400.000000
2, 21.75, 900.000000
2, 21.73, 400.000000
2, 21.72, 200.000000
2, 21.71, 1500.000000
2, 21.70, 5500.000000
2, 21.69, 500.000000
2, 21.68, 500.000000
2, 21.67, 600.000000
2, 21.66, 400.000000
2, 21.65, 200.000000
2, 21.64, 200.000000
2, 21.63, 400.000000
2, 21.62, 200.000000
@, 21.78, 21.79
1, 21.95, 400.000000
1, 21.94, 200.000000
1, 21.93, 400.000000
1, 21.92, 600.000000
1, 21.91, 200.000000
1, 21.90, 1800.000000
1, 21.89, 500.000000
1, 21.88, 200.000000
1, 21.87, 400.000000
1, 21.86, 600.000000
1, 21.85, 800.000000
1, 21.84, 400.000000
1, 21.82, 1000.000000
1, 21.81, 300.000000
1, 21.80, 400.000000
1, 21.79, 700.000000
2, 21.78, 2200.000000
2, 21.76, 400.000000
2, 21.75, 900.000000
2, 21.73, 400.000000
2, 21.72, 200.000000
2, 21.71, 1500.000000
2, 21.70, 5500.000000
2, 21.69, 500.000000
2, 21.68, 500.000000
2, 21.67, 600.000000
2, 21.66, 400.000000
2, 21.65, 200.000000
2, 21.64, 200.000000
2, 21.63, 400.000000
2, 21.62, 200.000000
@, 21.78, 21.79
1, 21.95, 400.000000
1, 21.94, 200.000000
1, 21.93, 400.000000
1, 21.92, 600.000000
1, 21.91, 200.000000
1, 21.90, 1800.000000
1, 21.89, 500.000000
1, 21.88, 200.000000
1, 21.87, 400.000000
1, 21.86, 600.000000
1, 21.85, 800.000000
1, 21.84, 400.000000
1, 21.82, 1000.000000
1, 21.81, 300.000000
1, 21.80, 400.000000
1, 21.79, 700.000000
2, 21.78, 2200.000000
2, 21.76, 400.000000
2, 21.75, 900.000000
2, 21.73, 400.000000
2, 21.72, 200.000000
2, 21.71, 1500.000000
2, 21.70, 5600.000000
2, 21.69, 500.000000
2, 21.68, 500.000000
2, 21.67, 600.000000
2, 21.66, 400.000000
2, 21.65, 200.000000
2, 21.64, 200.000000
2, 21.63, 400.000000
2, 21.62, 200.000000
@, 21.78, 21.79
1, 21.95, 400.000000
1, 21.94, 200.000000
1, 21.93, 400.000000
1, 21.92, 600.000000
1, 21.91, 200.000000
1, 21.90, 1800.000000
1, 21.89, 500.000000
1, 21.88, 200.000000
1, 21.87, 400.000000
1, 21.86, 600.000000
1, 21.85, 800.000000
1, 21.84, 400.000000
1, 21.82, 1000.000000
1, 21.81, 300.000000
1, 21.80, 400.000000
1, 21.79, 700.000000
2, 21.78, 2200.000000
2, 21.76, 400.000000
2, 21.75, 900.000000
2, 21.73, 400.000000
2, 21.72, 200.000000
2, 21.71, 1500.000000
2, 21.70, 5600.000000
2, 21.69, 500.000000
2, 21.68, 500.000000
2, 21.67, 600.000000
2, 21.66, 400.000000
2, 21.65, 200.000000
2, 21.64, 200.000000
2, 21.63, 400.000000
2, 21.62, 200.000000
@, 21.78, 21.79
1, 21.95, 400.000000
1, 21.94, 200.000000
1, 21.93, 400.000000
1, 21.92, 600.000000
1, 21.91, 200.000000
1, 21.90, 1800.000000
1, 21.89, 500.000000
1, 21.88, 200.000000
1, 21.87, 400.000000
1, 21.86, 600.000000
1, 21.85, 800.000000
1, 21.84, 400.000000
1, 21.82, 1000.000000
1, 21.81, 300.000000
1, 21.80, 400.000000
1, 21.79, 700.000000
2, 21.78, 2200.000000
2, 21.76, 400.000000
2, 21.75, 900.000000
2, 21.73, 400.000000
2, 21.72, 200.000000
2, 21.71, 1500.000000
2, 21.70, 5600.000000
2, 21.69, 500.000000
2, 21.68, 500.000000
2, 21.67, 600.000000
2, 21.66, 400.000000
2, 21.65, 200.000000
2, 21.64, 200.000000
2, 21.63, 400.000000
2, 21.62, 200.000000
@, 21.78, 21.79
1, 21.95, 400.000000
1, 21.94, 200.000000
1, 21.93, 400.000000
1, 21.92, 600.000000
1, 21.91, 200.000000
1, 21.90, 1800.000000
1, 21.89, 500.000000
1, 21.88, 200.000000
1, 21.87, 400.000000
1, 21.86, 600.000000
1, 21.85, 800.000000
1, 21.84, 400.000000
1, 21.82, 1000.000000
1, 21.81, 300.000000
1, 21.80, 400.000000
1, 21.79, 600.000000
2, 21.78, 2100.000000
2, 21.76, 400.000000
2, 21.75, 900.000000
2, 21.73, 400.000000
2, 21.72, 200.000000
2, 21.71, 1500.000000
2, 21.70, 5600.000000
2, 21.69, 500.000000
2, 21.68, 500.000000
2, 21.67, 600.000000
2, 21.66, 400.000000
2, 21.65, 200.000000
2, 21.64, 200.000000
2, 21.63, 400.000000
2, 21.62, 200.000000
@, 21.78, 21.79
1, 21.95, 400.000000
1, 21.94, 200.000000
1, 21.93, 400.000000
1, 21.92, 600.000000
1, 21.91, 200.000000
1, 21.90, 1800.000000
1, 21.89, 500.000000
1, 21.88, 200.000000
1, 21.87, 400.000000
1, 21.86, 600.000000
1, 21.85, 800.000000
1, 21.84, 400.000000
1, 21.82, 1000.000000
1, 21.81, 300.000000
1, 21.80, 400.000000
1, 21.79, 600.000000
2, 21.78, 2100.000000
2, 21.76, 400.000000
2, 21.75, 900.000000
2, 21.73, 400.000000
2, 21.72, 200.000000
2, 21.71, 1500.000000
2, 21.70, 5600.000000
2, 21.69, 500.000000
2, 21.68, 500.000000
2, 21.67, 600.000000
2, 21.66, 400.000000
2, 21.65, 200.000000
2, 21.64, 200.000000
2, 21.63, 400.000000
2, 21.62, 200.000000
@, 21.78, 21.79
1, 21.95, 400.000000
1, 21.94, 200.000000
1, 21.93, 400.000000
1, 21.92, 600.000000
1, 21.91, 200.000000
1, 21.90, 1800.000000
1, 21.89, 500.000000
1, 21.88, 200.000000
1, 21.87, 400.000000
1, 21.86, 600.000000
1, 21.85, 800.000000
1, 21.84, 400.000000
1, 21.82, 1000.000000
1, 21.81, 300.000000
1, 21.80, 400.000000
1, 21.79, 600.000000
2, 21.78, 2100.000000
2, 21.76, 400.000000
2, 21.75, 900.000000
2, 21.73, 400.000000
2, 21.72, 200.000000
2, 21.71, 1500.000000
2, 21.70, 5600.000000
2, 21.69, 500.000000
2, 21.68, 500.000000
2, 21.67, 600.000000
2, 21.66, 400.000000
2, 21.65, 200.000000
2, 21.64, 200.000000
2, 21.63, 400.000000
2, 21.62, 200.000000
@, 21.78, 21.79
1, 21.95, 400.000000
1, 21.94, 200.000000
1, 21.93, 400.000000
1, 21.92, 600.000000
1, 21.91, 200.000000
1, 21.90, 1800.000000
1, 21.89, 500.000000
1, 21.88, 200.000000
1, 21.87, 400.000000
1, 21.86, 600.000000
1, 21.85, 800.000000
1, 21.84, 400.000000
1, 21.82, 1000.000000
1, 21.81, 300.000000
1, 21.80, 400.000000
1, 21.79, 600.000000
2, 21.78, 2100.000000
2, 21.76, 400.000000
2, 21.75, 900.000000
2, 21.73, 400.000000
2, 21.72, 200.000000
2, 21.71, 1500.000000
2, 21.70, 5600.000000
2, 21.69, 500.000000
2, 21.68, 500.000000
2, 21.67, 600.000000
2, 21.66, 400.000000
2, 21.65, 200.000000
2, 21.64, 200.000000
2, 21.63, 400.000000
2, 21.62, 200.000000
@, 21.78, 21.79
1, 21.95, 400.000000
1, 21.94, 200.000000
1, 21.93, 400.000000
1, 21.92, 600.000000
1, 21.91, 200.000000
1, 21.90, 1800.000000
1, 21.89, 500.000000
1, 21.88, 200.000000
1, 21.87, 400.000000
1, 21.86, 600.000000
1, 21.85, 800.000000
1, 21.84, 400.000000
1, 21.82, 1000.000000
1, 21.81, 300.000000
1, 21.80, 400.000000
1, 21.79, 600.000000
2, 21.78, 2100.000000
2, 21.76, 400.000000
2, 21.75, 900.000000
2, 21.73, 400.000000
2, 21.72, 200.000000
2, 21.71, 1500.000000
2, 21.70, 5600.000000
2, 21.69, 500.000000
2, 21.68, 500.000000
2, 21.67, 600.000000
2, 21.66, 400.000000
2, 21.65, 200.000000
2, 21.64, 200.000000
2, 21.63, 400.000000
2, 21.62, 200.000000
@