, 21.43, 21.44
1, 21.59, 300.000000
1, 21.58, 600.000000
1, 21.57, 300.000000
1, 21.56, 600.000000
1, 21.55, 500.000000
1, 21.54, 500.000000
1, 21.53, 600.000000
1, 21.52, 800.000000
1, 21.51, 300.000000
1, 21.50, 1900.000000
1, 21.49, 800.000000
1, 21.48, 500.000000
1, 21.47, 200.000000
1, 21.46, 700.000000
1, 21.45, 300.000000
1, 21.44, 300.000000
2, 21.43, 500.000000
2, 21.42, 600.000000
2, 21.41, 100.000000
2, 21.40, 700.000000
2, 21.39, 700.000000
2, 21.38, 500.000000
2, 21.37, 400.000000
2, 21.36, 600.000000
2, 21.35, 800.000000
2, 21.34, 700.000000
2, 21.33, 2200.000000
2, 21.32, 600.000000
2, 21.31, 300.000000
2, 21.30, 1300.000000
2, 21.29, 300.000000
@, 21.43, 21.44
1, 21.59, 300.000000
1, 21.58, 600.000000
1, 21.57, 300.000000
1, 21.56, 600.000000
1, 21.55, 500.000000
1, 21.54, 500.000000
1, 21.53, 600.000000
1, 21.52, 800.000000
1, 21.51, 300.000000
1, 21.50, 1900.000000
1, 21.49, 800.000000
1, 21.48, 500.000000
1, 21.47, 200.000000
1, 21.46, 700.000000
1, 21.45, 300.000000
1, 21.44, 300.000000
2, 21.43, 500.000000
2, 21.42, 600.000000
2, 21.41, 100.000000
2, 21.40, 700.000000
2, 21.39, 700.000000
2, 21.38, 500.000000
2, 21.37, 400.000000
2, 21.36, 600.000000
2, 21.35, 800.000000
2, 21.34, 700.000000
2, 21.33, 2200.000000
2, 21.32, 600.000000
2, 21.31, 300.000000
2, 21.30, 1300.000000
2, 21.29, 300.000000
@, 21.43, 21.44
1, 21.59, 300.000000
1, 21.58, 600.000000
1, 21.57, 300.000000
1, 21.56, 600.000000
1, 21.55, 500.000000
1, 21.54, 500.000000
1, 21.53, 600.000000
1, 21.52, 800.000000
1, 21.51, 300.000000
1, 21.50, 1900.000000
1, 21.49, 800.000000
1, 21.48, 500.000000
1, 21.47, 200.000000
1, 21.46, 700.000000
1, 21.45, 300.000000
1, 21.44, 400.000000
2, 21.43, 300.000000
2, 21.42, 600.000000
2, 21.41, 100.000000
2, 21.40, 700.000000
2, 21.39, 700.000000
2, 21.38, 500.000000
2, 21.37, 400.000000
2, 21.36, 600.000000
2, 21.35, 800.000000
2, 21.34, 700.000000
2, 21.33, 2200.000000
2, 21.32, 600.000000
2, 21.31, 300.000000
2, 21.30, 1300.000000
2, 21.29, 300.000000
@, 21.43, 21.44
1, 21.59, 300.000000
1, 21.58, 600.000000
1, 21.57, 300.000000
1, 21.56, 600.000000
1, 21.55, 500.000000
1, 21.54, 500.000000
1, 21.53, 600.000000
1, 21.52, 800.000000
1, 21.51, 300.000000
1, 21.50, 1900.000000
1, 21.49, 800.000000
1, 21.48, 500.000000
1, 21.47, 200.000000
1, 21.46, 700.000000
1, 21.45, 300.000000
1, 21.44, 400.000000
2, 21.43, 300.000000
2, 21.42, 600.000000
2, 21.41, 100.000000
2, 21.40, 700.000000
2, 21.39, 700.000000
2, 21.38, 500.000000
2, 21.37, 400.000000
2, 21.36, 600.000000
2, 21.35, 800.000000
2, 21.34, 700.000000
2, 21.33, 2200.000000
2, 21.32, 600.000000
2, 21.31, 300.000000
2, 21.30, 1300.000000
2, 21.29, 300.000000
@, 21.43, 21.44
1, 21.59, 300.000000
1, 21.58, 600.000000
1, 21.57, 300.000000
1, 21.56, 600.000000
1, 21.55, 500.000000
1, 21.54, 500.000000
1, 21.53, 600.000000
1, 21.52, 800.000000
1, 21.51, 300.000000
1, 21.50, 1900.000000
1, 21.49, 800.000000
1, 21.48, 500.000000
1, 21.47, 200.000000
1, 21.46, 700.000000
1, 21.45, 300.000000
1, 21.44, 400.000000
2, 21.43, 200.000000
2, 21.42, 600.000000
2, 21.41, 100.000000
2, 21.40, 700.000000
2, 21.39, 700.000000
2, 21.38, 500.000000
2, 21.37, 400.000000
2, 21.36, 700.000000
2, 21.35, 800.000000
2, 21.34, 700.000000
2, 21.33, 2200.000000
2, 21.32, 600.000000
2, 21.31, 300.000000
2, 21.30, 1300.000000
2, 21.29, 300.000000
@, 21.43, 21.44
1, 21.59, 300.000000
1, 21.58, 600.000000
1, 21.57, 300.000000
1, 21.56, 600.000000
1, 21.55, 500.000000
1, 21.54, 500.000000
1, 21.53, 600.000000
1, 21.52, 800.000000
1, 21.51, 300.000000
1, 21.50, 1900.000000
1, 21.49, 800.000000
1, 21.48, 500.000000
1, 21.47, 200.000000
1, 21.46, 700.000000
1, 21.45, 300.000000
1, 21.44, 400.000000
2, 21.43, 200.000000
2, 21.42, 600.000000
2, 21.41, 100.000000
2, 21.40, 700.000000
2, 21.39, 700.000000
2, 21.38, 500.000000
2, 21.37, 400.000000
2, 21.36, 700.000000
2, 21.35, 800.000000
2, 21.34, 700.000000
2, 21.33, 2200.000000
2, 21.32, 600.000000
2, 21.31, 300.000000
2, 21.30, 1300.000000
2, 21.29, 300.000000
@, 21.43, 21.44
1, 21.59, 300.000000
1, 21.58, 600.000000
1, 21.57, 300.000000
1, 21.56, 600.000000
1, 21.55, 500.000000
1, 21.54, 500.000000
1, 21.53, 600.000000
1, 21.52, 800.000000
1, 21.51, 300.000000
1, 21.50, 1900.000000
1, 21.49, 800.000000
1, 21.48, 500.000000
1, 21.47, 200.000000
1, 21.46, 700.000000
1, 21.45, 300.000000
1, 21.44, 400.000000
2, 21.43, 200.000000
2, 21.42, 600.000000
2, 21.41, 100.000000
2, 21.40, 700.000000
2, 21.39, 700.000000
2, 21.38, 500.000000
2, 21.37, 400.000000
2, 21.36, 700.000000
2, 21.35, 800.000000
2, 21.34, 700.000000
2, 21.33, 2200.000000
2, 21.32, 600.000000
2, 21.31, 300.000000
2, 21.30, 1300.000000
2, 21.29, 300.000000
@, 21.43, 21.44
1, 21.59, 300.000000
1, 21.58, 600.000000
1, 21.57, 300.000000
1, 21.56, 600.000000
1, 21.55, 500.000000
1, 21.54, 500.000000
1, 21.53, 600.000000
1, 21.52, 800.000000
1, 21.51, 300.000000
1, 21.50, 1900.000000
1, 21.49, 800.000000
1, 21.48, 500.000000
1, 21.47, 200.000000
1, 21.46, 700.000000
1, 21.45, 300.000000
1, 21.44, 400.000000
2, 21.43, 200.000000
2, 21.42, 600.000000
2, 21.41, 100.000000
2, 21.40, 700.000000
2, 21.39, 700.000000
2, 21.38, 500.000000
2, 21.37, 400.000000
2, 21.36, 700.000000
2, 21.35, 800.000000
2, 21.34, 700.000000
2, 21.33, 2200.000000
2, 21.32, 600.000000
2, 21.31, 300.000000
2, 21.30, 1300.000000
2, 21.29, 300.000000
@, 21.43, 21.44
1, 21.59, 300.000000
1, 21.58, 600.000000
1, 21.57, 300.000000
1, 21.56, 600.000000
1, 21.55, 500.000000
1, 21.54, 500.000000
1, 21.53, 600.000000
1, 21.52, 800.000000
1, 21.51, 300.000000
1, 21.50, 1900.000000
1, 21.49, 800.000000
1, 21.48, 500.000000
1, 21.47, 200.000000
1, 21.46, 700.000000
1, 21.45, 300.000000
1, 21.44, 400.000000
2, 21.43, 200.000000
2, 21.42, 600.000000
2, 21.41, 100.000000
2, 21.40, 700.000000
2, 21.39, 700.000000
2, 21.38, 500.000000
2, 21.37, 400.000000
2, 21.36, 700.000000
2, 21.35, 800.000000
2, 21.34, 700.000000
2, 21.33, 2200.000000
2, 21.32, 600.000000
2, 21.31, 300.000000
2, 21.30, 1300.000000
2, 21.29, 300.000000
@, 21.43, 21.44
1, 21.59, 300.000000
1, 21.58, 600.000000
1, 21.57, 300.000000
1, 21.56, 600.000000
1, 21.55, 500.000000
1, 21.54, 500.000000
1, 21.53, 600.000000
1, 21.52, 800.000000
1, 21.51, 300.000000
1, 21.50, 1900.000000
1, 21.49, 800.000000
1, 21.48, 500.000000
1, 21.47, 200.000000
1, 21.46, 700.000000
1, 21.45, 300.000000
1, 21.44, 400.000000
2, 21.43, 200.000000
2, 21.42, 600.000000
2, 21.41, 100.000000
2, 21.40, 700.000000
2, 21.39, 700.000000
2, 21.38, 500.000000
2, 21.37, 400.000000
2, 21.36, 700.000000
2, 21.35, 800.000000
2, 21.34, 700.000000
2, 21.33, 2200.000000
2, 21.32, 600.000000
2, 21.31, 300.000000
2, 21.30, 1300.000000
2, 21.29, 300.000000
@