, 14.20, 14.50
1, 19.00, 100.000000
1, 18.00, 1000.000000
1, 16.50, 200.000000
1, 16.40, 100.000000
1, 16.00, 100.000000
1, 15.24, 200.000000
1, 14.50, 200.000000
2, 14.20, 100.000000
2, 14.00, 700.000000
2, 10.43, 500.000000
2, 10.00, 200.000000
2, 8.50, 300.000000
@, 14.20, 14.50
1, 19.00, 100.000000
1, 18.00, 1000.000000
1, 16.50, 200.000000
1, 16.40, 100.000000
1, 16.00, 100.000000
1, 15.24, 200.000000
1, 14.50, 200.000000
2, 14.20, 100.000000
2, 14.00, 700.000000
2, 10.43, 500.000000
2, 10.00, 200.000000
2, 8.50, 300.000000
@, 14.20, 14.50
1, 19.00, 100.000000
1, 18.00, 1000.000000
1, 16.50, 200.000000
1, 16.40, 100.000000
1, 16.00, 100.000000
1, 15.24, 200.000000
1, 14.50, 200.000000
2, 14.20, 100.000000
2, 14.00, 700.000000
2, 10.43, 500.000000
2, 10.00, 200.000000
2, 8.50, 300.000000
@, 14.20, 14.50
1, 19.00, 100.000000
1, 18.00, 1000.000000
1, 16.50, 200.000000
1, 16.40, 100.000000
1, 16.00, 100.000000
1, 15.24, 200.000000
1, 14.50, 200.000000
2, 14.20, 100.000000
2, 14.00, 700.000000
2, 10.43, 500.000000
2, 10.00, 200.000000
2, 8.50, 300.000000
@, 14.20, 14.50
1, 19.00, 100.000000
1, 18.00, 1000.000000
1, 16.50, 200.000000
1, 16.40, 100.000000
1, 16.00, 100.000000
1, 15.24, 200.000000
1, 14.50, 200.000000
2, 14.20, 100.000000
2, 14.00, 700.000000
2, 10.43, 500.000000
2, 10.00, 200.000000
2, 8.50, 300.000000
@, 14.20, 14.50
1, 19.00, 100.000000
1, 18.00, 1000.000000
1, 16.50, 200.000000
1, 16.40, 100.000000
1, 16.00, 100.000000
1, 15.24, 200.000000
1, 14.50, 200.000000
2, 14.20, 100.000000
2, 14.00, 700.000000
2, 10.43, 500.000000
2, 10.00, 200.000000
2, 8.50, 300.000000
@, 14.20, 14.50
1, 19.00, 100.000000
1, 18.00, 1000.000000
1, 16.50, 200.000000
1, 16.40, 100.000000
1, 16.00, 100.000000
1, 15.24, 200.000000
1, 14.50, 200.000000
2, 14.20, 100.000000
2, 14.00, 700.000000
2, 10.43, 500.000000
2, 10.00, 200.000000
2, 8.50, 300.000000
@, 14.20, 14.50
1, 19.00, 100.000000
1, 18.00, 1000.000000
1, 16.50, 200.000000
1, 16.40, 100.000000
1, 16.00, 100.000000
1, 15.24, 200.000000
1, 14.50, 200.000000
2, 14.20, 100.000000
2, 14.00, 700.000000
2, 10.43, 500.000000
2, 10.00, 200.000000
2, 8.50, 300.000000
@, 14.20, 14.50
1, 19.00, 100.000000
1, 18.00, 1000.000000
1, 16.50, 200.000000
1, 16.40, 100.000000
1, 16.00, 100.000000
1, 15.24, 200.000000
1, 14.50, 200.000000
2, 14.20, 100.000000
2, 14.00, 700.000000
2, 10.43, 500.000000
2, 10.00, 200.000000
2, 8.50, 300.000000
@, 14.20, 14.50
1, 19.00, 100.000000
1, 18.00, 1000.000000
1, 16.50, 200.000000
1, 16.40, 100.000000
1, 16.00, 100.000000
1, 15.24, 200.000000
1, 14.50, 200.000000
2, 14.20, 100.000000
2, 14.00, 700.000000
2, 10.43, 500.000000
2, 10.00, 200.000000
2, 8.50, 300.000000
@