, 38.20, 39.49
1, 62.00, 300.000000
1, 52.80, 5000.000000
1, 50.00, 10000.000000
1, 49.90, 100.000000
1, 48.93, 100.000000
1, 48.50, 300.000000
1, 46.87, 100.000000
1, 46.00, 1000.000000
1, 42.80, 200.000000
1, 42.75, 1200.000000
1, 42.50, 1000.000000
1, 42.48, 1000.000000
1, 40.60, 300.000000
1, 40.49, 100.000000
1, 40.00, 500.000000
1, 39.49, 100.000000
2, 38.20, 600.000000
2, 38.00, 500.000000
2, 37.87, 100.000000
2, 37.86, 1100.000000
2, 37.85, 1100.000000
2, 37.10, 500.000000
2, 37.00, 500.000000
2, 36.52, 100.000000
2, 36.51, 100.000000
2, 36.37, 1000.000000
2, 30.13, 700.000000
@, 38.20, 39.49
1, 62.00, 300.000000
1, 52.80, 5000.000000
1, 50.00, 10000.000000
1, 49.90, 100.000000
1, 48.93, 100.000000
1, 48.50, 300.000000
1, 46.87, 100.000000
1, 46.00, 1000.000000
1, 42.80, 200.000000
1, 42.75, 1200.000000
1, 42.50, 1000.000000
1, 42.48, 1000.000000
1, 40.60, 300.000000
1, 40.49, 100.000000
1, 40.00, 500.000000
1, 39.49, 100.000000
2, 38.20, 600.000000
2, 38.00, 500.000000
2, 37.87, 100.000000
2, 37.86, 1100.000000
2, 37.85, 1100.000000
2, 37.10, 500.000000
2, 37.00, 500.000000
2, 36.52, 100.000000
2, 36.51, 100.000000
2, 36.37, 1000.000000
2, 30.13, 700.000000
@, 38.20, 39.49
1, 62.00, 300.000000
1, 52.80, 5000.000000
1, 50.00, 10000.000000
1, 49.90, 100.000000
1, 48.93, 100.000000
1, 48.50, 300.000000
1, 46.87, 100.000000
1, 46.00, 1000.000000
1, 42.80, 200.000000
1, 42.75, 1200.000000
1, 42.50, 1000.000000
1, 42.48, 1000.000000
1, 40.60, 300.000000
1, 40.49, 100.000000
1, 40.00, 500.000000
1, 39.49, 100.000000
2, 38.20, 600.000000
2, 38.00, 500.000000
2, 37.87, 100.000000
2, 37.86, 1100.000000
2, 37.85, 1100.000000
2, 37.10, 500.000000
2, 37.00, 500.000000
2, 36.52, 100.000000
2, 36.51, 100.000000
2, 36.37, 1000.000000
2, 30.13, 700.000000
@, 38.20, 39.49
1, 62.00, 300.000000
1, 52.80, 5000.000000
1, 50.00, 10000.000000
1, 49.90, 100.000000
1, 48.93, 100.000000
1, 48.50, 300.000000
1, 46.87, 100.000000
1, 46.00, 1000.000000
1, 42.80, 200.000000
1, 42.75, 1200.000000
1, 42.50, 1000.000000
1, 42.48, 1000.000000
1, 40.60, 300.000000
1, 40.49, 100.000000
1, 40.00, 500.000000
1, 39.49, 100.000000
2, 38.20, 600.000000
2, 38.00, 500.000000
2, 37.87, 100.000000
2, 37.86, 1100.000000
2, 37.85, 1100.000000
2, 37.10, 500.000000
2, 37.00, 500.000000
2, 36.52, 100.000000
2, 36.51, 100.000000
2, 36.37, 1000.000000
2, 30.13, 700.000000
@, 38.20, 39.49
1, 62.00, 300.000000
1, 52.80, 5000.000000
1, 50.00, 10000.000000
1, 49.90, 100.000000
1, 48.93, 100.000000
1, 48.50, 300.000000
1, 46.87, 100.000000
1, 46.00, 1000.000000
1, 42.80, 200.000000
1, 42.75, 1200.000000
1, 42.50, 1000.000000
1, 42.48, 1000.000000
1, 40.60, 300.000000
1, 40.49, 100.000000
1, 40.00, 500.000000
1, 39.49, 100.000000
2, 38.20, 600.000000
2, 38.00, 500.000000
2, 37.87, 100.000000
2, 37.86, 1100.000000
2, 37.85, 1100.000000
2, 37.10, 500.000000
2, 37.00, 500.000000
2, 36.52, 100.000000
2, 36.51, 100.000000
2, 36.37, 1000.000000
2, 30.13, 700.000000
@, 38.20, 39.49
1, 62.00, 300.000000
1, 52.80, 5000.000000
1, 50.00, 10000.000000
1, 49.90, 100.000000
1, 48.93, 100.000000
1, 48.50, 300.000000
1, 46.87, 100.000000
1, 46.00, 1000.000000
1, 42.80, 200.000000
1, 42.75, 1200.000000
1, 42.50, 1000.000000
1, 42.48, 1000.000000
1, 40.60, 300.000000
1, 40.49, 100.000000
1, 40.00, 500.000000
1, 39.49, 100.000000
2, 38.20, 600.000000
2, 38.00, 500.000000
2, 37.87, 100.000000
2, 37.86, 1100.000000
2, 37.85, 1100.000000
2, 37.10, 500.000000
2, 37.00, 500.000000
2, 36.52, 100.000000
2, 36.51, 100.000000
2, 36.37, 1000.000000
2, 30.13, 700.000000
@, 38.20, 39.49
1, 62.00, 300.000000
1, 52.80, 5000.000000
1, 50.00, 10000.000000
1, 49.90, 100.000000
1, 48.93, 100.000000
1, 48.50, 300.000000
1, 46.87, 100.000000
1, 46.00, 1000.000000
1, 42.80, 200.000000
1, 42.75, 1200.000000
1, 42.50, 1000.000000
1, 42.48, 1000.000000
1, 40.60, 300.000000
1, 40.49, 100.000000
1, 40.00, 500.000000
1, 39.49, 100.000000
2, 38.20, 600.000000
2, 38.00, 500.000000
2, 37.87, 100.000000
2, 37.86, 1100.000000
2, 37.85, 1100.000000
2, 37.10, 500.000000
2, 37.00, 500.000000
2, 36.52, 100.000000
2, 36.51, 100.000000
2, 36.37, 1000.000000
2, 30.13, 700.000000
@, 38.20, 39.49
1, 62.00, 300.000000
1, 52.80, 5000.000000
1, 50.00, 10000.000000
1, 49.90, 100.000000
1, 48.93, 100.000000
1, 48.50, 300.000000
1, 46.87, 100.000000
1, 46.00, 1000.000000
1, 42.80, 200.000000
1, 42.75, 1200.000000
1, 42.50, 1000.000000
1, 42.48, 1000.000000
1, 40.60, 300.000000
1, 40.49, 100.000000
1, 40.00, 500.000000
1, 39.49, 100.000000
2, 38.20, 600.000000
2, 38.00, 500.000000
2, 37.87, 100.000000
2, 37.86, 1100.000000
2, 37.85, 1100.000000
2, 37.10, 500.000000
2, 37.00, 500.000000
2, 36.52, 100.000000
2, 36.51, 100.000000
2, 36.37, 1000.000000
2, 30.13, 700.000000
@, 38.20, 39.49
1, 62.00, 300.000000
1, 52.80, 5000.000000
1, 50.00, 10000.000000
1, 49.90, 100.000000
1, 48.93, 100.000000
1, 48.50, 300.000000
1, 46.87, 100.000000
1, 46.00, 1000.000000
1, 42.80, 200.000000
1, 42.75, 1200.000000
1, 42.50, 1000.000000
1, 42.48, 1000.000000
1, 40.60, 300.000000
1, 40.49, 100.000000
1, 40.00, 500.000000
1, 39.49, 100.000000
2, 38.20, 600.000000
2, 38.00, 500.000000
2, 37.87, 100.000000
2, 37.86, 1100.000000
2, 37.85, 1100.000000
2, 37.10, 500.000000
2, 37.00, 500.000000
2, 36.52, 100.000000
2, 36.51, 100.000000
2, 36.37, 1000.000000
2, 30.13, 700.000000
@, 38.20, 39.49
1, 62.00, 300.000000
1, 52.80, 5000.000000
1, 50.00, 10000.000000
1, 49.90, 100.000000
1, 48.93, 100.000000
1, 48.50, 300.000000
1, 46.87, 100.000000
1, 46.00, 1000.000000
1, 42.80, 200.000000
1, 42.75, 1200.000000
1, 42.50, 1000.000000
1, 42.48, 1000.000000
1, 40.60, 300.000000
1, 40.49, 100.000000
1, 40.00, 500.000000
1, 39.49, 100.000000
2, 38.20, 600.000000
2, 38.00, 500.000000
2, 37.87, 100.000000
2, 37.86, 1100.000000
2, 37.85, 1100.000000
2, 37.10, 500.000000
2, 37.00, 500.000000
2, 36.52, 100.000000
2, 36.51, 100.000000
2, 36.37, 1000.000000
2, 30.13, 700.000000
@