, 50.11, 50.13
1, 50.28, 3200.000000
1, 50.27, 2300.000000
1, 50.26, 4000.000000
1, 50.25, 4900.000000
1, 50.24, 4600.000000
1, 50.23, 3600.000000
1, 50.22, 5900.000000
1, 50.21, 4400.000000
1, 50.20, 6700.000000
1, 50.19, 4600.000000
1, 50.18, 4700.000000
1, 50.17, 3400.000000
1, 50.16, 4600.000000
1, 50.15, 5200.000000
1, 50.14, 2500.000000
1, 50.13, 3900.000000
2, 50.11, 400.000000
2, 50.10, 1500.000000
2, 50.09, 2800.000000
2, 50.08, 4600.000000
2, 50.07, 3300.000000
2, 50.06, 7100.000000
2, 50.05, 5000.000000
2, 50.04, 4100.000000
2, 50.03, 3600.000000
2, 50.02, 5700.000000
2, 50.01, 9800.000000
2, 50.00, 6700.000000
2, 49.99, 3800.000000
2, 49.98, 11000.000000
2, 49.97, 2100.000000
@, 50.11, 50.13
1, 50.28, 3200.000000
1, 50.27, 2300.000000
1, 50.26, 4000.000000
1, 50.25, 4900.000000
1, 50.24, 4600.000000
1, 50.23, 3600.000000
1, 50.22, 5900.000000
1, 50.21, 4400.000000
1, 50.20, 6700.000000
1, 50.19, 4600.000000
1, 50.18, 4700.000000
1, 50.17, 3400.000000
1, 50.16, 4600.000000
1, 50.15, 5200.000000
1, 50.14, 2500.000000
1, 50.13, 3900.000000
2, 50.11, 400.000000
2, 50.10, 1500.000000
2, 50.09, 2800.000000
2, 50.08, 4600.000000
2, 50.07, 3300.000000
2, 50.06, 7100.000000
2, 50.05, 5000.000000
2, 50.04, 4100.000000
2, 50.03, 3600.000000
2, 50.02, 5700.000000
2, 50.01, 9800.000000
2, 50.00, 6700.000000
2, 49.99, 3800.000000
2, 49.98, 11000.000000
2, 49.97, 2100.000000
@, 50.11, 50.13
1, 50.28, 3200.000000
1, 50.27, 2300.000000
1, 50.26, 4000.000000
1, 50.25, 4900.000000
1, 50.24, 4600.000000
1, 50.23, 3600.000000
1, 50.22, 5900.000000
1, 50.21, 4400.000000
1, 50.20, 6700.000000
1, 50.19, 4600.000000
1, 50.18, 4700.000000
1, 50.17, 3400.000000
1, 50.16, 4600.000000
1, 50.15, 5200.000000
1, 50.14, 2500.000000
1, 50.13, 3900.000000
2, 50.11, 600.000000
2, 50.10, 1500.000000
2, 50.09, 2800.000000
2, 50.08, 4600.000000
2, 50.07, 4200.000000
2, 50.06, 7100.000000
2, 50.05, 5000.000000
2, 50.04, 4100.000000
2, 50.03, 3600.000000
2, 50.02, 5700.000000
2, 50.01, 9800.000000
2, 50.00, 6700.000000
2, 49.99, 3800.000000
2, 49.98, 11000.000000
2, 49.97, 2100.000000
@, 50.11, 50.13
1, 50.28, 3200.000000
1, 50.27, 2300.000000
1, 50.26, 4000.000000
1, 50.25, 4900.000000
1, 50.24, 4600.000000
1, 50.23, 3600.000000
1, 50.22, 5900.000000
1, 50.21, 4400.000000
1, 50.20, 6700.000000
1, 50.19, 4600.000000
1, 50.18, 4700.000000
1, 50.17, 3400.000000
1, 50.16, 4600.000000
1, 50.15, 5200.000000
1, 50.14, 2500.000000
1, 50.13, 4000.000000
2, 50.11, 600.000000
2, 50.10, 1500.000000
2, 50.09, 2800.000000
2, 50.08, 4600.000000
2, 50.07, 4200.000000
2, 50.06, 7100.000000
2, 50.05, 5000.000000
2, 50.04, 4100.000000
2, 50.03, 3600.000000
2, 50.02, 5700.000000
2, 50.01, 9800.000000
2, 50.00, 6700.000000
2, 49.99, 3800.000000
2, 49.98, 11000.000000
2, 49.97, 2100.000000
@, 50.11, 50.13
1, 50.28, 3200.000000
1, 50.27, 2300.000000
1, 50.26, 4000.000000
1, 50.25, 4900.000000
1, 50.24, 4600.000000
1, 50.23, 3600.000000
1, 50.22, 5900.000000
1, 50.21, 4400.000000
1, 50.20, 6700.000000
1, 50.19, 4600.000000
1, 50.18, 4700.000000
1, 50.17, 3400.000000
1, 50.16, 4600.000000
1, 50.15, 5200.000000
1, 50.14, 3600.000000
1, 50.13, 4600.000000
2, 50.11, 500.000000
2, 50.10, 900.000000
2, 50.09, 2800.000000
2, 50.08, 4600.000000
2, 50.07, 4200.000000
2, 50.06, 7100.000000
2, 50.05, 5000.000000
2, 50.04, 4100.000000
2, 50.03, 3600.000000
2, 50.02, 5700.000000
2, 50.01, 9800.000000
2, 50.00, 6700.000000
2, 49.99, 3800.000000
2, 49.98, 11000.000000
2, 49.97, 2100.000000
@, 50.11, 50.13
1, 50.28, 3200.000000
1, 50.27, 2300.000000
1, 50.26, 4000.000000
1, 50.25, 4900.000000
1, 50.24, 4600.000000
1, 50.23, 3600.000000
1, 50.22, 5900.000000
1, 50.21, 4400.000000
1, 50.20, 6700.000000
1, 50.19, 4600.000000
1, 50.18, 4700.000000
1, 50.17, 3400.000000
1, 50.16, 4600.000000
1, 50.15, 5200.000000
1, 50.14, 3600.000000
1, 50.13, 4600.000000
2, 50.11, 600.000000
2, 50.10, 1500.000000
2, 50.09, 2800.000000
2, 50.08, 4600.000000
2, 50.07, 4200.000000
2, 50.06, 7100.000000
2, 50.05, 5000.000000
2, 50.04, 4100.000000
2, 50.03, 3600.000000
2, 50.02, 5700.000000
2, 50.01, 9800.000000
2, 50.00, 6700.000000
2, 49.99, 3800.000000
2, 49.98, 11000.000000
2, 49.97, 2100.000000
@, 50.11, 50.13
1, 50.28, 3200.000000
1, 50.27, 2300.000000
1, 50.26, 4000.000000
1, 50.25, 4900.000000
1, 50.24, 4600.000000
1, 50.23, 3600.000000
1, 50.22, 5900.000000
1, 50.21, 4400.000000
1, 50.20, 6700.000000
1, 50.19, 4600.000000
1, 50.18, 4700.000000
1, 50.17, 3400.000000
1, 50.16, 4600.000000
1, 50.15, 5200.000000
1, 50.14, 3600.000000
1, 50.13, 4000.000000
2, 50.11, 600.000000
2, 50.10, 1500.000000
2, 50.09, 2800.000000
2, 50.08, 4600.000000
2, 50.07, 4200.000000
2, 50.06, 7100.000000
2, 50.05, 5000.000000
2, 50.04, 4100.000000
2, 50.03, 3600.000000
2, 50.02, 5700.000000
2, 50.01, 9800.000000
2, 50.00, 6700.000000
2, 49.99, 3800.000000
2, 49.98, 11000.000000
2, 49.97, 2100.000000
@, 50.11, 50.13
1, 50.28, 3200.000000
1, 50.27, 2300.000000
1, 50.26, 4000.000000
1, 50.25, 4900.000000
1, 50.24, 4600.000000
1, 50.23, 3600.000000
1, 50.22, 5900.000000
1, 50.21, 4400.000000
1, 50.20, 6700.000000
1, 50.19, 4600.000000
1, 50.18, 4700.000000
1, 50.17, 3400.000000
1, 50.16, 4600.000000
1, 50.15, 5200.000000
1, 50.14, 3600.000000
1, 50.13, 4000.000000
2, 50.11, 500.000000
2, 50.10, 1500.000000
2, 50.09, 2800.000000
2, 50.08, 4600.000000
2, 50.07, 4200.000000
2, 50.06, 7100.000000
2, 50.05, 5000.000000
2, 50.04, 4100.000000
2, 50.03, 3600.000000
2, 50.02, 5700.000000
2, 50.01, 9800.000000
2, 50.00, 6700.000000
2, 49.99, 3800.000000
2, 49.98, 11000.000000
2, 49.97, 2100.000000
@, 50.11, 50.13
1, 50.28, 3200.000000
1, 50.27, 2300.000000
1, 50.26, 4000.000000
1, 50.25, 4900.000000
1, 50.24, 4600.000000
1, 50.23, 3600.000000
1, 50.22, 5900.000000
1, 50.21, 4400.000000
1, 50.20, 6700.000000
1, 50.19, 4600.000000
1, 50.18, 4700.000000
1, 50.17, 3400.000000
1, 50.16, 4600.000000
1, 50.15, 5200.000000
1, 50.14, 3600.000000
1, 50.13, 4000.000000
2, 50.11, 500.000000
2, 50.10, 1500.000000
2, 50.09, 2800.000000
2, 50.08, 4600.000000
2, 50.07, 4200.000000
2, 50.06, 7100.000000
2, 50.05, 5000.000000
2, 50.04, 4100.000000
2, 50.03, 3600.000000
2, 50.02, 5700.000000
2, 50.01, 9800.000000
2, 50.00, 6700.000000
2, 49.99, 3800.000000
2, 49.98, 11000.000000
2, 49.97, 2100.000000
@, 50.11, 50.13
1, 50.28, 3200.000000
1, 50.27, 2300.000000
1, 50.26, 4000.000000
1, 50.25, 4900.000000
1, 50.24, 4600.000000
1, 50.23, 3600.000000
1, 50.22, 5900.000000
1, 50.21, 4400.000000
1, 50.20, 6700.000000
1, 50.19, 4600.000000
1, 50.18, 4700.000000
1, 50.17, 3400.000000
1, 50.16, 4600.000000
1, 50.15, 5000.000000
1, 50.14, 3800.000000
1, 50.13, 4000.000000
2, 50.11, 500.000000
2, 50.10, 1500.000000
2, 50.09, 2800.000000
2, 50.08, 4600.000000
2, 50.07, 4200.000000
2, 50.06, 7100.000000
2, 50.05, 5000.000000
2, 50.04, 4100.000000
2, 50.03, 3600.000000
2, 50.02, 5700.000000
2, 50.01, 9800.000000
2, 50.00, 6700.000000
2, 49.99, 3800.000000
2, 49.98, 11000.000000
2, 49.97, 2100.000000
@