, 30.75, 30.77
1, 30.92, 1200.000000
1, 30.91, 1600.000000
1, 30.90, 3800.000000
1, 30.89, 4400.000000
1, 30.88, 5300.000000
1, 30.87, 5100.000000
1, 30.86, 5200.000000
1, 30.85, 5900.000000
1, 30.84, 9300.000000
1, 30.83, 11700.000000
1, 30.82, 4000.000000
1, 30.81, 2500.000000
1, 30.80, 3100.000000
1, 30.79, 2600.000000
1, 30.78, 1900.000000
1, 30.77, 2400.000000
2, 30.75, 2400.000000
2, 30.74, 3300.000000
2, 30.73, 4300.000000
2, 30.72, 5300.000000
2, 30.71, 3600.000000
2, 30.70, 8500.000000
2, 30.69, 7700.000000
2, 30.68, 8700.000000
2, 30.67, 4800.000000
2, 30.66, 5100.000000
2, 30.65, 4800.000000
2, 30.64, 4600.000000
2, 30.63, 2700.000000
2, 30.62, 3300.000000
2, 30.60, 800.000000
@, 30.75, 30.77
1, 30.92, 1200.000000
1, 30.91, 1600.000000
1, 30.90, 3800.000000
1, 30.89, 4400.000000
1, 30.88, 5300.000000
1, 30.87, 5100.000000
1, 30.86, 5200.000000
1, 30.85, 5900.000000
1, 30.84, 9300.000000
1, 30.83, 11600.000000
1, 30.82, 4000.000000
1, 30.81, 2500.000000
1, 30.80, 3100.000000
1, 30.79, 2600.000000
1, 30.78, 1900.000000
1, 30.77, 2400.000000
2, 30.75, 2400.000000
2, 30.74, 3300.000000
2, 30.73, 4300.000000
2, 30.72, 5300.000000
2, 30.71, 3600.000000
2, 30.70, 8500.000000
2, 30.69, 7700.000000
2, 30.68, 8700.000000
2, 30.67, 4800.000000
2, 30.66, 5100.000000
2, 30.65, 4800.000000
2, 30.64, 4600.000000
2, 30.63, 2700.000000
2, 30.62, 3300.000000
2, 30.60, 800.000000
@, 30.75, 30.77
1, 30.92, 1200.000000
1, 30.91, 1600.000000
1, 30.90, 3800.000000
1, 30.89, 4400.000000
1, 30.88, 5300.000000
1, 30.87, 5100.000000
1, 30.86, 5200.000000
1, 30.85, 5900.000000
1, 30.84, 9300.000000
1, 30.83, 11600.000000
1, 30.82, 4000.000000
1, 30.81, 2500.000000
1, 30.80, 3100.000000
1, 30.79, 2600.000000
1, 30.78, 1900.000000
1, 30.77, 2400.000000
2, 30.75, 2500.000000
2, 30.74, 3300.000000
2, 30.73, 4300.000000
2, 30.72, 5300.000000
2, 30.71, 3600.000000
2, 30.70, 8500.000000
2, 30.69, 7700.000000
2, 30.68, 8700.000000
2, 30.67, 4800.000000
2, 30.66, 5100.000000
2, 30.65, 4800.000000
2, 30.64, 4600.000000
2, 30.63, 2700.000000
2, 30.62, 3300.000000
2, 30.60, 800.000000
@, 30.75, 30.77
1, 30.92, 1200.000000
1, 30.91, 1600.000000
1, 30.90, 3800.000000
1, 30.89, 4400.000000
1, 30.88, 5300.000000
1, 30.87, 5100.000000
1, 30.86, 5200.000000
1, 30.85, 5900.000000
1, 30.84, 9300.000000
1, 30.83, 11600.000000
1, 30.82, 4000.000000
1, 30.81, 2500.000000
1, 30.80, 3100.000000
1, 30.79, 2600.000000
1, 30.78, 1900.000000
1, 30.77, 2400.000000
2, 30.75, 2500.000000
2, 30.74, 3300.000000
2, 30.73, 4300.000000
2, 30.72, 5300.000000
2, 30.71, 3600.000000
2, 30.70, 8500.000000
2, 30.69, 7700.000000
2, 30.68, 8700.000000
2, 30.67, 4800.000000
2, 30.66, 5100.000000
2, 30.65, 4800.000000
2, 30.64, 4600.000000
2, 30.63, 2700.000000
2, 30.62, 3300.000000
2, 30.60, 800.000000
@, 30.75, 30.77
1, 30.92, 1200.000000
1, 30.91, 1600.000000
1, 30.90, 3800.000000
1, 30.89, 4400.000000
1, 30.88, 5300.000000
1, 30.87, 5100.000000
1, 30.86, 5200.000000
1, 30.85, 5900.000000
1, 30.84, 9300.000000
1, 30.83, 11600.000000
1, 30.82, 4000.000000
1, 30.81, 2500.000000
1, 30.80, 3100.000000
1, 30.79, 2600.000000
1, 30.78, 1900.000000
1, 30.77, 2400.000000
2, 30.75, 2500.000000
2, 30.74, 3300.000000
2, 30.73, 4300.000000
2, 30.72, 5300.000000
2, 30.71, 3600.000000
2, 30.70, 8500.000000
2, 30.69, 7700.000000
2, 30.68, 8700.000000
2, 30.67, 4800.000000
2, 30.66, 5100.000000
2, 30.65, 4800.000000
2, 30.64, 4600.000000
2, 30.63, 2700.000000
2, 30.62, 3300.000000
2, 30.60, 800.000000
@, 30.75, 30.77
1, 30.92, 1200.000000
1, 30.91, 1600.000000
1, 30.90, 3800.000000
1, 30.89, 4400.000000
1, 30.88, 5300.000000
1, 30.87, 5100.000000
1, 30.86, 5200.000000
1, 30.85, 5900.000000
1, 30.84, 9300.000000
1, 30.83, 11600.000000
1, 30.82, 4000.000000
1, 30.81, 2500.000000
1, 30.80, 3100.000000
1, 30.79, 2600.000000
1, 30.78, 1900.000000
1, 30.77, 2400.000000
2, 30.75, 2500.000000
2, 30.74, 3300.000000
2, 30.73, 4300.000000
2, 30.72, 5300.000000
2, 30.71, 3600.000000
2, 30.70, 8500.000000
2, 30.69, 7700.000000
2, 30.68, 8700.000000
2, 30.67, 4800.000000
2, 30.66, 5100.000000
2, 30.65, 4800.000000
2, 30.64, 4600.000000
2, 30.63, 2700.000000
2, 30.62, 3300.000000
2, 30.60, 800.000000
@, 30.75, 30.77
1, 30.92, 1200.000000
1, 30.91, 1600.000000
1, 30.90, 3800.000000
1, 30.89, 4400.000000
1, 30.88, 5300.000000
1, 30.87, 5100.000000
1, 30.86, 5200.000000
1, 30.85, 5900.000000
1, 30.84, 9300.000000
1, 30.83, 11600.000000
1, 30.82, 4000.000000
1, 30.81, 2500.000000
1, 30.80, 3100.000000
1, 30.79, 2600.000000
1, 30.78, 1900.000000
1, 30.77, 2400.000000
2, 30.75, 2500.000000
2, 30.74, 3300.000000
2, 30.73, 4300.000000
2, 30.72, 5300.000000
2, 30.71, 3600.000000
2, 30.70, 8500.000000
2, 30.69, 7700.000000
2, 30.68, 8700.000000
2, 30.67, 4800.000000
2, 30.66, 5100.000000
2, 30.65, 4800.000000
2, 30.64, 4600.000000
2, 30.63, 2700.000000
2, 30.62, 3300.000000
2, 30.60, 800.000000
@, 30.75, 30.77
1, 30.92, 1200.000000
1, 30.91, 1600.000000
1, 30.90, 3800.000000
1, 30.89, 4400.000000
1, 30.88, 5300.000000
1, 30.87, 5100.000000
1, 30.86, 5200.000000
1, 30.85, 5900.000000
1, 30.84, 9300.000000
1, 30.83, 11600.000000
1, 30.82, 4000.000000
1, 30.81, 2500.000000
1, 30.80, 2600.000000
1, 30.79, 2600.000000
1, 30.78, 1800.000000
1, 30.77, 1800.000000
2, 30.75, 2500.000000
2, 30.74, 3300.000000
2, 30.73, 4300.000000
2, 30.72, 5300.000000
2, 30.71, 3600.000000
2, 30.70, 8500.000000
2, 30.69, 7700.000000
2, 30.68, 8700.000000
2, 30.67, 4800.000000
2, 30.66, 5100.000000
2, 30.65, 4800.000000
2, 30.64, 4600.000000
2, 30.63, 2700.000000
2, 30.62, 3300.000000
2, 30.60, 800.000000
@, 30.75, 30.77
1, 30.92, 1200.000000
1, 30.91, 1600.000000
1, 30.90, 3800.000000
1, 30.89, 4400.000000
1, 30.88, 5300.000000
1, 30.87, 5100.000000
1, 30.86, 5200.000000
1, 30.85, 5900.000000
1, 30.84, 9300.000000
1, 30.83, 11600.000000
1, 30.82, 4000.000000
1, 30.81, 2500.000000
1, 30.80, 2600.000000
1, 30.79, 2600.000000
1, 30.78, 1800.000000
1, 30.77, 1800.000000
2, 30.75, 2500.000000
2, 30.74, 3300.000000
2, 30.73, 4300.000000
2, 30.72, 5300.000000
2, 30.71, 3600.000000
2, 30.70, 8500.000000
2, 30.69, 7700.000000
2, 30.68, 8700.000000
2, 30.67, 4800.000000
2, 30.66, 5100.000000
2, 30.65, 4800.000000
2, 30.64, 4600.000000
2, 30.63, 2700.000000
2, 30.62, 3300.000000
2, 30.60, 800.000000
@, 30.75, 30.77
1, 30.92, 1200.000000
1, 30.91, 1600.000000
1, 30.90, 3800.000000
1, 30.89, 4400.000000
1, 30.88, 5300.000000
1, 30.87, 5100.000000
1, 30.86, 5200.000000
1, 30.85, 5900.000000
1, 30.84, 9300.000000
1, 30.83, 11600.000000
1, 30.82, 4000.000000
1, 30.81, 3000.000000
1, 30.80, 2600.000000
1, 30.79, 2600.000000
1, 30.78, 1800.000000
1, 30.77, 1800.000000
2, 30.75, 2500.000000
2, 30.74, 3300.000000
2, 30.73, 4300.000000
2, 30.72, 5300.000000
2, 30.71, 3600.000000
2, 30.70, 8500.000000
2, 30.69, 7700.000000
2, 30.68, 8700.000000
2, 30.67, 4800.000000
2, 30.66, 5100.000000
2, 30.65, 4800.000000
2, 30.64, 4600.000000
2, 30.63, 2700.000000
2, 30.62, 3300.000000
2, 30.60, 800.000000
@