, 32.83, 32.84
1, 32.99, 35100.000000
1, 32.98, 14200.000000
1, 32.97, 15900.000000
1, 32.96, 12100.000000
1, 32.95, 34800.000000
1, 32.94, 11000.000000
1, 32.93, 11600.000000
1, 32.92, 29600.000000
1, 32.91, 10900.000000
1, 32.90, 15200.000000
1, 32.89, 9900.000000
1, 32.88, 17200.000000
1, 32.87, 13600.000000
1, 32.86, 10300.000000
1, 32.85, 9500.000000
1, 32.84, 2400.000000
2, 32.83, 5500.000000
2, 32.82, 4700.000000
2, 32.81, 23600.000000
2, 32.80, 57400.000000
2, 32.79, 12400.000000
2, 32.78, 34500.000000
2, 32.77, 14000.000000
2, 32.76, 11600.000000
2, 32.75, 9500.000000
2, 32.74, 9800.000000
2, 32.73, 8600.000000
2, 32.72, 45800.000000
2, 32.71, 28700.000000
2, 32.70, 15800.000000
2, 32.69, 5900.000000
@, 32.83, 32.84
1, 32.99, 35100.000000
1, 32.98, 14200.000000
1, 32.97, 15900.000000
1, 32.96, 12100.000000
1, 32.95, 34800.000000
1, 32.94, 11000.000000
1, 32.93, 11600.000000
1, 32.92, 29600.000000
1, 32.91, 10900.000000
1, 32.90, 15200.000000
1, 32.89, 9900.000000
1, 32.88, 17200.000000
1, 32.87, 11300.000000
1, 32.86, 10300.000000
1, 32.85, 9400.000000
1, 32.84, 1000.000000
2, 32.83, 5300.000000
2, 32.82, 4700.000000
2, 32.81, 23600.000000
2, 32.80, 58800.000000
2, 32.79, 12400.000000
2, 32.78, 34500.000000
2, 32.77, 14000.000000
2, 32.76, 11600.000000
2, 32.75, 9500.000000
2, 32.74, 9800.000000
2, 32.73, 8600.000000
2, 32.72, 45800.000000
2, 32.71, 28700.000000
2, 32.70, 15800.000000
2, 32.69, 5900.000000
@, 32.83, 32.84
1, 32.99, 35100.000000
1, 32.98, 14200.000000
1, 32.97, 15900.000000
1, 32.96, 12100.000000
1, 32.95, 34800.000000
1, 32.94, 11000.000000
1, 32.93, 11600.000000
1, 32.92, 29600.000000
1, 32.91, 10900.000000
1, 32.90, 15200.000000
1, 32.89, 9900.000000
1, 32.88, 17200.000000
1, 32.87, 11300.000000
1, 32.86, 7300.000000
1, 32.85, 9400.000000
1, 32.84, 1000.000000
2, 32.83, 5600.000000
2, 32.82, 4700.000000
2, 32.81, 23600.000000
2, 32.80, 58800.000000
2, 32.79, 12400.000000
2, 32.78, 34500.000000
2, 32.77, 14000.000000
2, 32.76, 11600.000000
2, 32.75, 9500.000000
2, 32.74, 9800.000000
2, 32.73, 8600.000000
2, 32.72, 45800.000000
2, 32.71, 28700.000000
2, 32.70, 15800.000000
2, 32.69, 5900.000000
@, 32.83, 32.84
1, 32.99, 35100.000000
1, 32.98, 14200.000000
1, 32.97, 15900.000000
1, 32.96, 12100.000000
1, 32.95, 34800.000000
1, 32.94, 11000.000000
1, 32.93, 11600.000000
1, 32.92, 29600.000000
1, 32.91, 10900.000000
1, 32.90, 15200.000000
1, 32.89, 9900.000000
1, 32.88, 20200.000000
1, 32.87, 11300.000000
1, 32.86, 7300.000000
1, 32.85, 9400.000000
1, 32.84, 1000.000000
2, 32.83, 6300.000000
2, 32.82, 4700.000000
2, 32.81, 22900.000000
2, 32.80, 58800.000000
2, 32.79, 12400.000000
2, 32.78, 34500.000000
2, 32.77, 14000.000000
2, 32.76, 11600.000000
2, 32.75, 9500.000000
2, 32.74, 9800.000000
2, 32.73, 8600.000000
2, 32.72, 45800.000000
2, 32.71, 28700.000000
2, 32.70, 15800.000000
2, 32.69, 5900.000000
@, 32.83, 32.84
1, 32.99, 35100.000000
1, 32.98, 14200.000000
1, 32.97, 15900.000000
1, 32.96, 12100.000000
1, 32.95, 34800.000000
1, 32.94, 11000.000000
1, 32.93, 11600.000000
1, 32.92, 29600.000000
1, 32.91, 10900.000000
1, 32.90, 15200.000000
1, 32.89, 9900.000000
1, 32.88, 20200.000000
1, 32.87, 11300.000000
1, 32.86, 7300.000000
1, 32.85, 9400.000000
1, 32.84, 1000.000000
2, 32.83, 8900.000000
2, 32.82, 4700.000000
2, 32.81, 22900.000000
2, 32.80, 58800.000000
2, 32.79, 12400.000000
2, 32.78, 34500.000000
2, 32.77, 14000.000000
2, 32.76, 11600.000000
2, 32.75, 9500.000000
2, 32.74, 9800.000000
2, 32.73, 8600.000000
2, 32.72, 45800.000000
2, 32.71, 28700.000000
2, 32.70, 15800.000000
2, 32.69, 5900.000000
@, 32.83, 32.84
1, 32.99, 35100.000000
1, 32.98, 14200.000000
1, 32.97, 15900.000000
1, 32.96, 12100.000000
1, 32.95, 34800.000000
1, 32.94, 11000.000000
1, 32.93, 11600.000000
1, 32.92, 29600.000000
1, 32.91, 10900.000000
1, 32.90, 15200.000000
1, 32.89, 9900.000000
1, 32.88, 20200.000000
1, 32.87, 9900.000000
1, 32.86, 7300.000000
1, 32.85, 9400.000000
1, 32.84, 1000.000000
2, 32.83, 10700.000000
2, 32.82, 4700.000000
2, 32.81, 22900.000000
2, 32.80, 58800.000000
2, 32.79, 12400.000000
2, 32.78, 34500.000000
2, 32.77, 14000.000000
2, 32.76, 11600.000000
2, 32.75, 9500.000000
2, 32.74, 9800.000000
2, 32.73, 8600.000000
2, 32.72, 45800.000000
2, 32.71, 28700.000000
2, 32.70, 15800.000000
2, 32.69, 5900.000000
@, 32.83, 32.84
1, 32.99, 35100.000000
1, 32.98, 14200.000000
1, 32.97, 15900.000000
1, 32.96, 12100.000000
1, 32.95, 34800.000000
1, 32.94, 11000.000000
1, 32.93, 11600.000000
1, 32.92, 29600.000000
1, 32.91, 10900.000000
1, 32.90, 15200.000000
1, 32.89, 9900.000000
1, 32.88, 20200.000000
1, 32.87, 9900.000000
1, 32.86, 7300.000000
1, 32.85, 6800.000000
1, 32.84, 1000.000000
2, 32.83, 11000.000000
2, 32.82, 11300.000000
2, 32.81, 26500.000000
2, 32.80, 58800.000000
2, 32.79, 10100.000000
2, 32.78, 34500.000000
2, 32.77, 14000.000000
2, 32.76, 11600.000000
2, 32.75, 9500.000000
2, 32.74, 9800.000000
2, 32.73, 8600.000000
2, 32.72, 45800.000000
2, 32.71, 28700.000000
2, 32.70, 15800.000000
2, 32.69, 5900.000000
@, 32.83, 32.84
1, 32.99, 35100.000000
1, 32.98, 14200.000000
1, 32.97, 15900.000000
1, 32.96, 12100.000000
1, 32.95, 34800.000000
1, 32.94, 11000.000000
1, 32.93, 11600.000000
1, 32.92, 29600.000000
1, 32.91, 10900.000000
1, 32.90, 15200.000000
1, 32.89, 10900.000000
1, 32.88, 20200.000000
1, 32.87, 9900.000000
1, 32.86, 6300.000000
1, 32.85, 6500.000000
1, 32.84, 1000.000000
2, 32.83, 12400.000000
2, 32.82, 11200.000000
2, 32.81, 26400.000000
2, 32.80, 59000.000000
2, 32.79, 10100.000000
2, 32.78, 34500.000000
2, 32.77, 14000.000000
2, 32.76, 11600.000000
2, 32.75, 9500.000000
2, 32.74, 9800.000000
2, 32.73, 8600.000000
2, 32.72, 45800.000000
2, 32.71, 28700.000000
2, 32.70, 15800.000000
2, 32.69, 5900.000000
@, 32.83, 32.84
1, 32.99, 35100.000000
1, 32.98, 14200.000000
1, 32.97, 15900.000000
1, 32.96, 12100.000000
1, 32.95, 34800.000000
1, 32.94, 11000.000000
1, 32.93, 11600.000000
1, 32.92, 29600.000000
1, 32.91, 10900.000000
1, 32.90, 15200.000000
1, 32.89, 10900.000000
1, 32.88, 20200.000000
1, 32.87, 9900.000000
1, 32.86, 6300.000000
1, 32.85, 6500.000000
1, 32.84, 1000.000000
2, 32.83, 12400.000000
2, 32.82, 11200.000000
2, 32.81, 26400.000000
2, 32.80, 59000.000000
2, 32.79, 10100.000000
2, 32.78, 34500.000000
2, 32.77, 14000.000000
2, 32.76, 11600.000000
2, 32.75, 9500.000000
2, 32.74, 9800.000000
2, 32.73, 8600.000000
2, 32.72, 45800.000000
2, 32.71, 28700.000000
2, 32.70, 15800.000000
2, 32.69, 5900.000000
@, 32.83, 32.84
1, 32.99, 35100.000000
1, 32.98, 14200.000000
1, 32.97, 15900.000000
1, 32.96, 12100.000000
1, 32.95, 34800.000000
1, 32.94, 11000.000000
1, 32.93, 11600.000000
1, 32.92, 29600.000000
1, 32.91, 10900.000000
1, 32.90, 15200.000000
1, 32.89, 10900.000000
1, 32.88, 20200.000000
1, 32.87, 9900.000000
1, 32.86, 6300.000000
1, 32.85, 6200.000000
1, 32.84, 800.000000
2, 32.83, 10300.000000
2, 32.82, 11200.000000
2, 32.81, 26400.000000
2, 32.80, 59000.000000
2, 32.79, 10100.000000
2, 32.78, 34500.000000
2, 32.77, 14000.000000
2, 32.76, 11600.000000
2, 32.75, 9500.000000
2, 32.74, 9800.000000
2, 32.73, 8600.000000
2, 32.72, 45800.000000
2, 32.71, 28700.000000
2, 32.70, 15800.000000
2, 32.69, 5900.000000
@