, 16.23, 16.50
1, 20.09, 500.000000
1, 19.34, 100.000000
1, 19.00, 1000.000000
1, 18.90, 300.000000
1, 18.40, 400.000000
1, 18.05, 1300.000000
1, 17.90, 900.000000
1, 17.50, 1000.000000
1, 17.45, 800.000000
1, 17.40, 200.000000
1, 17.00, 300.000000
1, 16.90, 1500.000000
1, 16.89, 100.000000
1, 16.88, 100.000000
1, 16.70, 100.000000
1, 16.50, 700.000000
2, 16.23, 200.000000
2, 16.22, 100.000000
2, 16.20, 900.000000
2, 16.10, 600.000000
2, 16.00, 200.000000
2, 15.70, 100.000000
2, 11.01, 1000.000000
2, 5.27, 100.000000
2, 5.00, 1000.000000
@, 16.23, 16.50
1, 20.09, 500.000000
1, 19.34, 100.000000
1, 19.00, 1000.000000
1, 18.90, 300.000000
1, 18.40, 400.000000
1, 18.05, 1300.000000
1, 17.90, 900.000000
1, 17.50, 1000.000000
1, 17.45, 800.000000
1, 17.40, 200.000000
1, 17.00, 300.000000
1, 16.90, 1500.000000
1, 16.89, 100.000000
1, 16.88, 100.000000
1, 16.70, 100.000000
1, 16.50, 700.000000
2, 16.23, 200.000000
2, 16.22, 100.000000
2, 16.20, 900.000000
2, 16.10, 600.000000
2, 16.00, 200.000000
2, 15.70, 100.000000
2, 11.01, 1000.000000
2, 5.27, 100.000000
2, 5.00, 1000.000000
@, 16.23, 16.50
1, 20.09, 500.000000
1, 19.34, 100.000000
1, 19.00, 1000.000000
1, 18.90, 300.000000
1, 18.40, 400.000000
1, 18.05, 1300.000000
1, 17.90, 900.000000
1, 17.50, 1000.000000
1, 17.45, 800.000000
1, 17.40, 200.000000
1, 17.00, 300.000000
1, 16.90, 1500.000000
1, 16.89, 100.000000
1, 16.88, 100.000000
1, 16.70, 100.000000
1, 16.50, 700.000000
2, 16.23, 200.000000
2, 16.22, 100.000000
2, 16.20, 900.000000
2, 16.10, 600.000000
2, 16.00, 200.000000
2, 15.70, 100.000000
2, 11.01, 1000.000000
2, 5.27, 100.000000
2, 5.00, 1000.000000
@, 16.23, 16.50
1, 20.09, 500.000000
1, 19.34, 100.000000
1, 19.00, 1000.000000
1, 18.90, 300.000000
1, 18.40, 400.000000
1, 18.05, 1300.000000
1, 17.90, 900.000000
1, 17.50, 1000.000000
1, 17.45, 800.000000
1, 17.40, 200.000000
1, 17.00, 300.000000
1, 16.90, 1500.000000
1, 16.89, 100.000000
1, 16.88, 100.000000
1, 16.70, 100.000000
1, 16.50, 700.000000
2, 16.23, 200.000000
2, 16.22, 100.000000
2, 16.20, 900.000000
2, 16.10, 600.000000
2, 16.00, 200.000000
2, 15.70, 100.000000
2, 11.01, 1000.000000
2, 5.27, 100.000000
2, 5.00, 1000.000000
@, 16.23, 16.50
1, 20.09, 500.000000
1, 19.34, 100.000000
1, 19.00, 1000.000000
1, 18.90, 300.000000
1, 18.40, 400.000000
1, 18.05, 1300.000000
1, 17.90, 900.000000
1, 17.50, 1000.000000
1, 17.45, 800.000000
1, 17.40, 200.000000
1, 17.00, 300.000000
1, 16.90, 1500.000000
1, 16.89, 100.000000
1, 16.88, 100.000000
1, 16.70, 100.000000
1, 16.50, 700.000000
2, 16.23, 200.000000
2, 16.22, 100.000000
2, 16.20, 900.000000
2, 16.10, 600.000000
2, 16.00, 200.000000
2, 15.70, 100.000000
2, 11.01, 1000.000000
2, 5.27, 100.000000
2, 5.00, 1000.000000
@, 16.23, 16.50
1, 20.09, 500.000000
1, 19.34, 100.000000
1, 19.00, 1000.000000
1, 18.90, 300.000000
1, 18.40, 400.000000
1, 18.05, 1300.000000
1, 17.90, 900.000000
1, 17.50, 1000.000000
1, 17.45, 800.000000
1, 17.40, 200.000000
1, 17.00, 300.000000
1, 16.90, 1500.000000
1, 16.89, 100.000000
1, 16.88, 100.000000
1, 16.70, 100.000000
1, 16.50, 700.000000
2, 16.23, 200.000000
2, 16.22, 100.000000
2, 16.20, 900.000000
2, 16.10, 600.000000
2, 16.00, 200.000000
2, 15.70, 100.000000
2, 11.01, 1000.000000
2, 5.27, 100.000000
2, 5.00, 1000.000000
@, 16.23, 16.50
1, 20.09, 500.000000
1, 19.34, 100.000000
1, 19.00, 1000.000000
1, 18.90, 300.000000
1, 18.40, 400.000000
1, 18.05, 1300.000000
1, 17.90, 900.000000
1, 17.50, 1000.000000
1, 17.45, 800.000000
1, 17.40, 200.000000
1, 17.00, 300.000000
1, 16.90, 1500.000000
1, 16.89, 100.000000
1, 16.88, 100.000000
1, 16.70, 100.000000
1, 16.50, 700.000000
2, 16.23, 200.000000
2, 16.22, 100.000000
2, 16.20, 900.000000
2, 16.10, 600.000000
2, 16.00, 200.000000
2, 15.70, 100.000000
2, 11.01, 1000.000000
2, 5.27, 100.000000
2, 5.00, 1000.000000
@, 16.23, 16.50
1, 20.09, 500.000000
1, 19.34, 100.000000
1, 19.00, 1000.000000
1, 18.90, 300.000000
1, 18.40, 400.000000
1, 18.05, 1300.000000
1, 17.90, 900.000000
1, 17.50, 1000.000000
1, 17.45, 800.000000
1, 17.40, 200.000000
1, 17.00, 300.000000
1, 16.90, 1500.000000
1, 16.89, 100.000000
1, 16.88, 100.000000
1, 16.70, 100.000000
1, 16.50, 700.000000
2, 16.23, 200.000000
2, 16.22, 100.000000
2, 16.20, 900.000000
2, 16.10, 600.000000
2, 16.00, 200.000000
2, 15.70, 100.000000
2, 11.01, 1000.000000
2, 5.27, 100.000000
2, 5.00, 1000.000000
@, 16.23, 16.50
1, 20.09, 500.000000
1, 19.34, 100.000000
1, 19.00, 1000.000000
1, 18.90, 300.000000
1, 18.40, 400.000000
1, 18.05, 1300.000000
1, 17.90, 900.000000
1, 17.50, 1000.000000
1, 17.45, 800.000000
1, 17.40, 200.000000
1, 17.00, 300.000000
1, 16.90, 1500.000000
1, 16.89, 100.000000
1, 16.88, 100.000000
1, 16.70, 100.000000
1, 16.50, 700.000000
2, 16.23, 200.000000
2, 16.22, 100.000000
2, 16.20, 900.000000
2, 16.10, 600.000000
2, 16.00, 200.000000
2, 15.70, 100.000000
2, 11.01, 1000.000000
2, 5.27, 100.000000
2, 5.00, 1000.000000
@, 16.23, 16.50
1, 20.09, 500.000000
1, 19.34, 100.000000
1, 19.00, 1000.000000
1, 18.90, 300.000000
1, 18.40, 400.000000
1, 18.05, 1300.000000
1, 17.90, 900.000000
1, 17.50, 1000.000000
1, 17.45, 800.000000
1, 17.40, 200.000000
1, 17.00, 300.000000
1, 16.90, 1500.000000
1, 16.89, 100.000000
1, 16.88, 100.000000
1, 16.70, 100.000000
1, 16.50, 700.000000
2, 16.23, 200.000000
2, 16.22, 100.000000
2, 16.20, 900.000000
2, 16.10, 600.000000
2, 16.00, 200.000000
2, 15.70, 100.000000
2, 11.01, 1000.000000
2, 5.27, 100.000000
2, 5.00, 1000.000000
@