, 7.39, 7.41
1, 7.78, 300.000000
1, 7.75, 10000.000000
1, 7.71, 1000.000000
1, 7.70, 700.000000
1, 7.64, 13000.000000
1, 7.61, 1200.000000
1, 7.56, 5600.000000
1, 7.55, 1500.000000
1, 7.52, 100.000000
1, 7.50, 1200.000000
1, 7.49, 900.000000
1, 7.48, 200.000000
1, 7.45, 300.000000
1, 7.43, 200.000000
1, 7.42, 11100.000000
1, 7.41, 800.000000
2, 7.39, 600.000000
2, 7.38, 400.000000
2, 7.35, 600.000000
2, 7.34, 100.000000
2, 7.33, 300.000000
2, 7.32, 800.000000
2, 7.25, 100.000000
2, 7.24, 700.000000
2, 7.22, 500.000000
2, 7.21, 900.000000
2, 7.20, 2100.000000
2, 7.17, 100.000000
2, 7.16, 400.000000
2, 7.10, 2200.000000
2, 7.00, 600.000000
@, 7.39, 7.41
1, 7.78, 300.000000
1, 7.75, 10000.000000
1, 7.71, 1000.000000
1, 7.70, 700.000000
1, 7.64, 13000.000000
1, 7.61, 1200.000000
1, 7.56, 5600.000000
1, 7.55, 1500.000000
1, 7.52, 100.000000
1, 7.50, 1200.000000
1, 7.49, 900.000000
1, 7.48, 200.000000
1, 7.45, 300.000000
1, 7.43, 200.000000
1, 7.42, 11100.000000
1, 7.41, 800.000000
2, 7.39, 600.000000
2, 7.38, 400.000000
2, 7.35, 600.000000
2, 7.34, 100.000000
2, 7.33, 300.000000
2, 7.32, 800.000000
2, 7.25, 100.000000
2, 7.24, 700.000000
2, 7.22, 500.000000
2, 7.21, 900.000000
2, 7.20, 2100.000000
2, 7.17, 100.000000
2, 7.16, 400.000000
2, 7.10, 2200.000000
2, 7.00, 600.000000
@, 7.39, 7.41
1, 7.78, 300.000000
1, 7.75, 10000.000000
1, 7.71, 1000.000000
1, 7.70, 700.000000
1, 7.64, 13000.000000
1, 7.61, 1200.000000
1, 7.56, 5600.000000
1, 7.55, 1500.000000
1, 7.52, 100.000000
1, 7.50, 1200.000000
1, 7.49, 900.000000
1, 7.48, 200.000000
1, 7.45, 300.000000
1, 7.43, 200.000000
1, 7.42, 11100.000000
1, 7.41, 800.000000
2, 7.39, 600.000000
2, 7.38, 400.000000
2, 7.35, 600.000000
2, 7.34, 100.000000
2, 7.33, 300.000000
2, 7.32, 800.000000
2, 7.25, 100.000000
2, 7.24, 700.000000
2, 7.22, 500.000000
2, 7.21, 900.000000
2, 7.20, 2100.000000
2, 7.17, 100.000000
2, 7.16, 400.000000
2, 7.10, 2200.000000
2, 7.00, 600.000000
@, 7.39, 7.41
1, 7.78, 300.000000
1, 7.75, 10000.000000
1, 7.71, 1000.000000
1, 7.70, 700.000000
1, 7.64, 13000.000000
1, 7.61, 1200.000000
1, 7.56, 5600.000000
1, 7.55, 1500.000000
1, 7.52, 100.000000
1, 7.50, 1200.000000
1, 7.49, 900.000000
1, 7.48, 200.000000
1, 7.45, 300.000000
1, 7.43, 200.000000
1, 7.42, 11100.000000
1, 7.41, 800.000000
2, 7.39, 600.000000
2, 7.38, 400.000000
2, 7.35, 600.000000
2, 7.34, 100.000000
2, 7.33, 300.000000
2, 7.32, 800.000000
2, 7.25, 100.000000
2, 7.24, 700.000000
2, 7.22, 500.000000
2, 7.21, 900.000000
2, 7.20, 2100.000000
2, 7.17, 100.000000
2, 7.16, 400.000000
2, 7.10, 2200.000000
2, 7.00, 600.000000
@, 7.39, 7.41
1, 7.78, 300.000000
1, 7.75, 10000.000000
1, 7.71, 1000.000000
1, 7.70, 700.000000
1, 7.64, 13000.000000
1, 7.61, 1200.000000
1, 7.56, 5600.000000
1, 7.55, 1500.000000
1, 7.52, 100.000000
1, 7.50, 1200.000000
1, 7.49, 900.000000
1, 7.48, 200.000000
1, 7.45, 300.000000
1, 7.43, 200.000000
1, 7.42, 11100.000000
1, 7.41, 800.000000
2, 7.39, 600.000000
2, 7.38, 400.000000
2, 7.35, 600.000000
2, 7.34, 100.000000
2, 7.33, 300.000000
2, 7.32, 800.000000
2, 7.25, 100.000000
2, 7.24, 700.000000
2, 7.22, 500.000000
2, 7.21, 900.000000
2, 7.20, 2100.000000
2, 7.17, 100.000000
2, 7.16, 400.000000
2, 7.10, 2200.000000
2, 7.00, 600.000000
@, 7.39, 7.41
1, 7.78, 300.000000
1, 7.75, 10000.000000
1, 7.71, 1000.000000
1, 7.70, 700.000000
1, 7.64, 13000.000000
1, 7.61, 1200.000000
1, 7.56, 5600.000000
1, 7.55, 1500.000000
1, 7.52, 100.000000
1, 7.50, 1200.000000
1, 7.49, 900.000000
1, 7.48, 200.000000
1, 7.45, 300.000000
1, 7.43, 200.000000
1, 7.42, 11100.000000
1, 7.41, 800.000000
2, 7.39, 600.000000
2, 7.38, 400.000000
2, 7.35, 600.000000
2, 7.34, 100.000000
2, 7.33, 300.000000
2, 7.32, 800.000000
2, 7.25, 100.000000
2, 7.24, 700.000000
2, 7.22, 500.000000
2, 7.21, 900.000000
2, 7.20, 2100.000000
2, 7.17, 100.000000
2, 7.16, 400.000000
2, 7.10, 2200.000000
2, 7.00, 600.000000
@, 7.39, 7.41
1, 7.78, 300.000000
1, 7.75, 10000.000000
1, 7.71, 1000.000000
1, 7.70, 700.000000
1, 7.64, 13000.000000
1, 7.61, 1200.000000
1, 7.56, 5600.000000
1, 7.55, 1500.000000
1, 7.52, 100.000000
1, 7.50, 1200.000000
1, 7.49, 900.000000
1, 7.48, 200.000000
1, 7.45, 300.000000
1, 7.43, 200.000000
1, 7.42, 11100.000000
1, 7.41, 800.000000
2, 7.39, 600.000000
2, 7.38, 400.000000
2, 7.35, 600.000000
2, 7.34, 100.000000
2, 7.33, 300.000000
2, 7.32, 800.000000
2, 7.25, 100.000000
2, 7.24, 700.000000
2, 7.22, 500.000000
2, 7.21, 900.000000
2, 7.20, 2100.000000
2, 7.17, 100.000000
2, 7.16, 400.000000
2, 7.10, 2200.000000
2, 7.00, 600.000000
@, 7.39, 7.41
1, 7.78, 300.000000
1, 7.75, 10000.000000
1, 7.71, 1000.000000
1, 7.70, 700.000000
1, 7.64, 13000.000000
1, 7.61, 1200.000000
1, 7.56, 5600.000000
1, 7.55, 1500.000000
1, 7.52, 100.000000
1, 7.50, 1200.000000
1, 7.49, 900.000000
1, 7.48, 200.000000
1, 7.45, 300.000000
1, 7.43, 200.000000
1, 7.42, 11100.000000
1, 7.41, 800.000000
2, 7.39, 600.000000
2, 7.38, 400.000000
2, 7.35, 600.000000
2, 7.34, 100.000000
2, 7.33, 300.000000
2, 7.32, 800.000000
2, 7.25, 100.000000
2, 7.24, 700.000000
2, 7.22, 500.000000
2, 7.21, 900.000000
2, 7.20, 2100.000000
2, 7.17, 100.000000
2, 7.16, 400.000000
2, 7.10, 2200.000000
2, 7.00, 600.000000
@, 7.39, 7.41
1, 7.78, 300.000000
1, 7.75, 10000.000000
1, 7.71, 1000.000000
1, 7.70, 700.000000
1, 7.64, 13000.000000
1, 7.61, 1200.000000
1, 7.56, 5600.000000
1, 7.55, 1500.000000
1, 7.52, 100.000000
1, 7.50, 1200.000000
1, 7.49, 900.000000
1, 7.48, 200.000000
1, 7.45, 300.000000
1, 7.43, 200.000000
1, 7.42, 11100.000000
1, 7.41, 800.000000
2, 7.39, 600.000000
2, 7.38, 400.000000
2, 7.35, 600.000000
2, 7.34, 100.000000
2, 7.33, 300.000000
2, 7.32, 800.000000
2, 7.25, 100.000000
2, 7.24, 700.000000
2, 7.22, 500.000000
2, 7.21, 900.000000
2, 7.20, 2100.000000
2, 7.17, 100.000000
2, 7.16, 400.000000
2, 7.10, 2200.000000
2, 7.00, 600.000000
@, 7.39, 7.41
1, 7.78, 300.000000
1, 7.75, 10000.000000
1, 7.71, 1000.000000
1, 7.70, 700.000000
1, 7.64, 13000.000000
1, 7.61, 1200.000000
1, 7.56, 5600.000000
1, 7.55, 1500.000000
1, 7.52, 100.000000
1, 7.50, 1200.000000
1, 7.49, 900.000000
1, 7.48, 200.000000
1, 7.45, 300.000000
1, 7.43, 200.000000
1, 7.42, 11100.000000
1, 7.41, 800.000000
2, 7.39, 600.000000
2, 7.38, 400.000000
2, 7.35, 600.000000
2, 7.34, 100.000000
2, 7.33, 300.000000
2, 7.32, 800.000000
2, 7.25, 100.000000
2, 7.24, 700.000000
2, 7.22, 500.000000
2, 7.21, 900.000000
2, 7.20, 2100.000000
2, 7.17, 100.000000
2, 7.16, 400.000000
2, 7.10, 2200.000000
2, 7.00, 600.000000
@