, 7.15, 7.27
1, 8.20, 2000.000000
1, 8.10, 100.000000
1, 8.00, 1100.000000
1, 7.90, 1000.000000
1, 7.75, 600.000000
1, 7.69, 2900.000000
1, 7.64, 500.000000
1, 7.60, 1300.000000
1, 7.57, 500.000000
1, 7.50, 5000.000000
1, 7.48, 700.000000
1, 7.40, 500.000000
1, 7.35, 700.000000
1, 7.30, 1400.000000
1, 7.28, 500.000000
1, 7.27, 900.000000
2, 7.15, 300.000000
2, 7.14, 200.000000
2, 7.13, 600.000000
2, 7.12, 200.000000
2, 7.11, 1500.000000
2, 7.10, 200.000000
2, 7.08, 300.000000
2, 7.07, 1200.000000
2, 7.06, 1100.000000
2, 7.05, 500.000000
2, 7.04, 100.000000
2, 7.02, 700.000000
2, 7.01, 2000.000000
2, 7.00, 11700.000000
2, 6.90, 100.000000
@, 7.15, 7.27
1, 8.20, 2000.000000
1, 8.10, 100.000000
1, 8.00, 1100.000000
1, 7.90, 1000.000000
1, 7.75, 600.000000
1, 7.69, 2900.000000
1, 7.64, 500.000000
1, 7.60, 1300.000000
1, 7.57, 500.000000
1, 7.50, 5000.000000
1, 7.48, 700.000000
1, 7.40, 500.000000
1, 7.35, 700.000000
1, 7.30, 1400.000000
1, 7.28, 500.000000
1, 7.27, 900.000000
2, 7.15, 300.000000
2, 7.14, 200.000000
2, 7.13, 600.000000
2, 7.12, 200.000000
2, 7.11, 1500.000000
2, 7.10, 200.000000
2, 7.08, 300.000000
2, 7.07, 1200.000000
2, 7.06, 1100.000000
2, 7.05, 500.000000
2, 7.04, 100.000000
2, 7.02, 700.000000
2, 7.01, 2000.000000
2, 7.00, 11700.000000
2, 6.90, 100.000000
@, 7.15, 7.27
1, 8.20, 2000.000000
1, 8.10, 100.000000
1, 8.00, 1100.000000
1, 7.90, 1000.000000
1, 7.75, 600.000000
1, 7.69, 2900.000000
1, 7.64, 500.000000
1, 7.60, 1300.000000
1, 7.57, 500.000000
1, 7.50, 5000.000000
1, 7.48, 700.000000
1, 7.40, 500.000000
1, 7.35, 700.000000
1, 7.30, 1400.000000
1, 7.28, 500.000000
1, 7.27, 900.000000
2, 7.15, 300.000000
2, 7.14, 200.000000
2, 7.13, 600.000000
2, 7.12, 200.000000
2, 7.11, 1500.000000
2, 7.10, 200.000000
2, 7.08, 300.000000
2, 7.07, 1200.000000
2, 7.06, 1100.000000
2, 7.05, 500.000000
2, 7.04, 100.000000
2, 7.02, 700.000000
2, 7.01, 2000.000000
2, 7.00, 11700.000000
2, 6.90, 100.000000
@, 7.15, 7.27
1, 8.20, 2000.000000
1, 8.10, 100.000000
1, 8.00, 1100.000000
1, 7.90, 1000.000000
1, 7.75, 600.000000
1, 7.69, 2900.000000
1, 7.64, 500.000000
1, 7.60, 1300.000000
1, 7.57, 500.000000
1, 7.50, 5000.000000
1, 7.48, 700.000000
1, 7.40, 500.000000
1, 7.35, 700.000000
1, 7.30, 1400.000000
1, 7.28, 500.000000
1, 7.27, 900.000000
2, 7.15, 300.000000
2, 7.14, 200.000000
2, 7.13, 600.000000
2, 7.12, 200.000000
2, 7.11, 1500.000000
2, 7.10, 200.000000
2, 7.08, 300.000000
2, 7.07, 1200.000000
2, 7.06, 1100.000000
2, 7.05, 500.000000
2, 7.04, 100.000000
2, 7.02, 700.000000
2, 7.01, 2000.000000
2, 7.00, 11700.000000
2, 6.90, 100.000000
@, 7.15, 7.27
1, 8.20, 2000.000000
1, 8.10, 100.000000
1, 8.00, 1100.000000
1, 7.90, 1000.000000
1, 7.75, 600.000000
1, 7.69, 2900.000000
1, 7.64, 500.000000
1, 7.60, 1300.000000
1, 7.57, 500.000000
1, 7.50, 5000.000000
1, 7.48, 700.000000
1, 7.40, 500.000000
1, 7.35, 700.000000
1, 7.30, 1400.000000
1, 7.28, 500.000000
1, 7.27, 900.000000
2, 7.15, 300.000000
2, 7.14, 200.000000
2, 7.13, 600.000000
2, 7.12, 200.000000
2, 7.11, 1500.000000
2, 7.10, 200.000000
2, 7.08, 300.000000
2, 7.07, 1200.000000
2, 7.06, 1100.000000
2, 7.05, 500.000000
2, 7.04, 100.000000
2, 7.02, 700.000000
2, 7.01, 2000.000000
2, 7.00, 11700.000000
2, 6.90, 100.000000
@, 7.15, 7.27
1, 8.20, 2000.000000
1, 8.10, 100.000000
1, 8.00, 1100.000000
1, 7.90, 1000.000000
1, 7.75, 600.000000
1, 7.69, 2900.000000
1, 7.64, 500.000000
1, 7.60, 1300.000000
1, 7.57, 500.000000
1, 7.50, 5000.000000
1, 7.48, 700.000000
1, 7.40, 500.000000
1, 7.35, 700.000000
1, 7.30, 1400.000000
1, 7.28, 500.000000
1, 7.27, 900.000000
2, 7.15, 300.000000
2, 7.14, 200.000000
2, 7.13, 600.000000
2, 7.12, 200.000000
2, 7.11, 1500.000000
2, 7.10, 200.000000
2, 7.08, 300.000000
2, 7.07, 1200.000000
2, 7.06, 1100.000000
2, 7.05, 500.000000
2, 7.04, 100.000000
2, 7.02, 700.000000
2, 7.01, 2000.000000
2, 7.00, 11700.000000
2, 6.90, 100.000000
@, 7.15, 7.27
1, 8.20, 2000.000000
1, 8.10, 100.000000
1, 8.00, 1100.000000
1, 7.90, 1000.000000
1, 7.75, 600.000000
1, 7.69, 2900.000000
1, 7.64, 500.000000
1, 7.60, 1300.000000
1, 7.57, 500.000000
1, 7.50, 5000.000000
1, 7.48, 700.000000
1, 7.40, 500.000000
1, 7.35, 700.000000
1, 7.30, 1400.000000
1, 7.28, 500.000000
1, 7.27, 900.000000
2, 7.15, 300.000000
2, 7.14, 200.000000
2, 7.13, 600.000000
2, 7.12, 200.000000
2, 7.11, 1500.000000
2, 7.10, 200.000000
2, 7.08, 300.000000
2, 7.07, 1200.000000
2, 7.06, 1100.000000
2, 7.05, 500.000000
2, 7.04, 100.000000
2, 7.02, 700.000000
2, 7.01, 2000.000000
2, 7.00, 11700.000000
2, 6.90, 100.000000
@, 7.15, 7.27
1, 8.20, 2000.000000
1, 8.10, 100.000000
1, 8.00, 1100.000000
1, 7.90, 1000.000000
1, 7.75, 600.000000
1, 7.69, 2900.000000
1, 7.64, 500.000000
1, 7.60, 1300.000000
1, 7.57, 500.000000
1, 7.50, 5000.000000
1, 7.48, 700.000000
1, 7.40, 500.000000
1, 7.35, 700.000000
1, 7.30, 1400.000000
1, 7.28, 500.000000
1, 7.27, 900.000000
2, 7.15, 300.000000
2, 7.14, 200.000000
2, 7.13, 600.000000
2, 7.12, 200.000000
2, 7.11, 1500.000000
2, 7.10, 200.000000
2, 7.08, 300.000000
2, 7.07, 1200.000000
2, 7.06, 1100.000000
2, 7.05, 500.000000
2, 7.04, 100.000000
2, 7.02, 700.000000
2, 7.01, 2000.000000
2, 7.00, 11700.000000
2, 6.90, 100.000000
@, 7.15, 7.27
1, 8.20, 2000.000000
1, 8.10, 100.000000
1, 8.00, 1100.000000
1, 7.90, 1000.000000
1, 7.75, 600.000000
1, 7.69, 2900.000000
1, 7.64, 500.000000
1, 7.60, 1300.000000
1, 7.57, 500.000000
1, 7.50, 5000.000000
1, 7.48, 700.000000
1, 7.40, 500.000000
1, 7.35, 700.000000
1, 7.30, 1400.000000
1, 7.28, 500.000000
1, 7.27, 900.000000
2, 7.15, 300.000000
2, 7.14, 200.000000
2, 7.13, 600.000000
2, 7.12, 200.000000
2, 7.11, 1500.000000
2, 7.10, 200.000000
2, 7.08, 300.000000
2, 7.07, 1200.000000
2, 7.06, 1100.000000
2, 7.05, 500.000000
2, 7.04, 100.000000
2, 7.02, 700.000000
2, 7.01, 2000.000000
2, 7.00, 11700.000000
2, 6.90, 100.000000
@, 7.15, 7.27
1, 8.20, 2000.000000
1, 8.10, 100.000000
1, 8.00, 1100.000000
1, 7.90, 1000.000000
1, 7.75, 600.000000
1, 7.69, 2900.000000
1, 7.64, 500.000000
1, 7.60, 1300.000000
1, 7.57, 500.000000
1, 7.50, 5000.000000
1, 7.48, 700.000000
1, 7.40, 500.000000
1, 7.35, 700.000000
1, 7.30, 1400.000000
1, 7.28, 500.000000
1, 7.27, 900.000000
2, 7.15, 300.000000
2, 7.14, 200.000000
2, 7.13, 600.000000
2, 7.12, 200.000000
2, 7.11, 1500.000000
2, 7.10, 200.000000
2, 7.08, 300.000000
2, 7.07, 1200.000000
2, 7.06, 1100.000000
2, 7.05, 500.000000
2, 7.04, 100.000000
2, 7.02, 700.000000
2, 7.01, 2000.000000
2, 7.00, 11700.000000
2, 6.90, 100.000000
@