, 51.65, 53.19
1, 55.00, 1500.000000
1, 53.19, 100.000000
2, 51.65, 100.000000
2, 35.00, 1000.000000
@, 51.65, 53.19
1, 55.00, 1500.000000
1, 53.19, 100.000000
2, 51.65, 100.000000
2, 35.00, 1000.000000
@, 51.65, 53.19
1, 55.00, 1500.000000
1, 53.19, 100.000000
2, 51.65, 100.000000
2, 35.00, 1000.000000
@, 51.65, 53.19
1, 55.00, 1500.000000
1, 53.19, 100.000000
2, 51.65, 100.000000
2, 35.00, 1000.000000
@, 51.65, 53.19
1, 55.00, 1500.000000
1, 53.19, 100.000000
2, 51.65, 100.000000
2, 35.00, 1000.000000
@, 51.65, 53.19
1, 55.00, 1500.000000
1, 53.19, 100.000000
2, 51.65, 100.000000
2, 35.00, 1000.000000
@, 51.65, 53.19
1, 55.00, 1500.000000
1, 53.19, 100.000000
2, 51.65, 100.000000
2, 35.00, 1000.000000
@, 51.65, 53.19
1, 55.00, 1500.000000
1, 53.19, 100.000000
2, 51.65, 100.000000
2, 35.00, 1000.000000
@, 51.65, 53.19
1, 55.00, 1500.000000
1, 53.19, 100.000000
2, 51.65, 100.000000
2, 35.00, 1000.000000
@, 51.65, 53.19
1, 55.00, 1500.000000
1, 53.19, 100.000000
2, 51.65, 100.000000
2, 35.00, 1000.000000
@