, 35.84, 36.80
1, 500.00, 1000.000000
1, 400.00, 1000.000000
1, 300.00, 1000.000000
1, 40.26, 1000.000000
1, 40.11, 200.000000
1, 38.70, 1300.000000
1, 38.25, 800.000000
1, 38.10, 200.000000
1, 38.00, 500.000000
1, 37.90, 200.000000
1, 37.55, 100.000000
1, 37.40, 100.000000
1, 37.39, 100.000000
1, 36.90, 500.000000
1, 36.86, 100.000000
1, 36.80, 300.000000
2, 35.84, 100.000000
2, 35.79, 100.000000
2, 35.70, 200.000000
2, 35.61, 2500.000000
2, 35.00, 100.000000
2, 33.00, 200.000000
2, 32.00, 100.000000
@, 35.84, 36.80
1, 500.00, 1000.000000
1, 400.00, 1000.000000
1, 300.00, 1000.000000
1, 40.26, 1000.000000
1, 40.11, 200.000000
1, 38.70, 1300.000000
1, 38.25, 800.000000
1, 38.10, 200.000000
1, 38.00, 500.000000
1, 37.90, 200.000000
1, 37.55, 100.000000
1, 37.40, 100.000000
1, 37.39, 100.000000
1, 36.90, 500.000000
1, 36.86, 100.000000
1, 36.80, 300.000000
2, 35.84, 100.000000
2, 35.79, 100.000000
2, 35.70, 200.000000
2, 35.61, 2500.000000
2, 35.00, 100.000000
2, 33.00, 200.000000
2, 32.00, 100.000000
@, 35.84, 36.80
1, 500.00, 1000.000000
1, 400.00, 1000.000000
1, 300.00, 1000.000000
1, 40.26, 1000.000000
1, 40.11, 200.000000
1, 38.70, 1300.000000
1, 38.25, 800.000000
1, 38.10, 200.000000
1, 38.00, 500.000000
1, 37.90, 200.000000
1, 37.55, 100.000000
1, 37.40, 100.000000
1, 37.39, 100.000000
1, 36.90, 500.000000
1, 36.86, 100.000000
1, 36.80, 300.000000
2, 35.84, 100.000000
2, 35.79, 100.000000
2, 35.70, 200.000000
2, 35.61, 2500.000000
2, 35.00, 100.000000
2, 33.00, 200.000000
2, 32.00, 100.000000
@, 35.84, 36.80
1, 500.00, 1000.000000
1, 400.00, 1000.000000
1, 300.00, 1000.000000
1, 40.26, 1000.000000
1, 40.11, 200.000000
1, 38.70, 1300.000000
1, 38.25, 800.000000
1, 38.10, 200.000000
1, 38.00, 500.000000
1, 37.90, 200.000000
1, 37.55, 100.000000
1, 37.40, 100.000000
1, 37.39, 100.000000
1, 36.90, 500.000000
1, 36.86, 100.000000
1, 36.80, 300.000000
2, 35.84, 100.000000
2, 35.79, 100.000000
2, 35.70, 200.000000
2, 35.61, 2500.000000
2, 35.00, 100.000000
2, 33.00, 200.000000
2, 32.00, 100.000000
@, 35.84, 36.80
1, 500.00, 1000.000000
1, 400.00, 1000.000000
1, 300.00, 1000.000000
1, 40.26, 1000.000000
1, 40.11, 200.000000
1, 38.70, 1300.000000
1, 38.25, 800.000000
1, 38.10, 200.000000
1, 38.00, 500.000000
1, 37.90, 200.000000
1, 37.55, 100.000000
1, 37.40, 100.000000
1, 37.39, 100.000000
1, 36.90, 500.000000
1, 36.86, 100.000000
1, 36.80, 300.000000
2, 35.84, 100.000000
2, 35.79, 100.000000
2, 35.70, 200.000000
2, 35.61, 2500.000000
2, 35.00, 100.000000
2, 33.00, 200.000000
2, 32.00, 100.000000
@, 35.84, 36.80
1, 500.00, 1000.000000
1, 400.00, 1000.000000
1, 300.00, 1000.000000
1, 40.26, 1000.000000
1, 40.11, 200.000000
1, 38.70, 1300.000000
1, 38.25, 800.000000
1, 38.10, 200.000000
1, 38.00, 500.000000
1, 37.90, 200.000000
1, 37.55, 100.000000
1, 37.40, 100.000000
1, 37.39, 100.000000
1, 36.90, 500.000000
1, 36.86, 100.000000
1, 36.80, 300.000000
2, 35.84, 100.000000
2, 35.79, 100.000000
2, 35.70, 200.000000
2, 35.61, 2500.000000
2, 35.00, 100.000000
2, 33.00, 200.000000
2, 32.00, 100.000000
@, 35.84, 36.80
1, 500.00, 1000.000000
1, 400.00, 1000.000000
1, 300.00, 1000.000000
1, 40.26, 1000.000000
1, 40.11, 200.000000
1, 38.70, 1300.000000
1, 38.25, 800.000000
1, 38.10, 200.000000
1, 38.00, 500.000000
1, 37.90, 200.000000
1, 37.55, 100.000000
1, 37.40, 100.000000
1, 37.39, 100.000000
1, 36.90, 500.000000
1, 36.86, 100.000000
1, 36.80, 300.000000
2, 35.84, 100.000000
2, 35.79, 100.000000
2, 35.70, 200.000000
2, 35.61, 2500.000000
2, 35.00, 100.000000
2, 33.00, 200.000000
2, 32.00, 100.000000
@, 35.84, 36.80
1, 500.00, 1000.000000
1, 400.00, 1000.000000
1, 300.00, 1000.000000
1, 40.26, 1000.000000
1, 40.11, 200.000000
1, 38.70, 1300.000000
1, 38.25, 800.000000
1, 38.10, 200.000000
1, 38.00, 500.000000
1, 37.90, 200.000000
1, 37.55, 100.000000
1, 37.40, 100.000000
1, 37.39, 100.000000
1, 36.90, 500.000000
1, 36.86, 100.000000
1, 36.80, 300.000000
2, 35.84, 100.000000
2, 35.79, 100.000000
2, 35.70, 200.000000
2, 35.61, 2500.000000
2, 35.00, 100.000000
2, 33.00, 200.000000
2, 32.00, 100.000000
@, 35.84, 36.80
1, 500.00, 1000.000000
1, 400.00, 1000.000000
1, 300.00, 1000.000000
1, 40.26, 1000.000000
1, 40.11, 200.000000
1, 38.70, 1300.000000
1, 38.25, 800.000000
1, 38.10, 200.000000
1, 38.00, 500.000000
1, 37.90, 200.000000
1, 37.55, 100.000000
1, 37.40, 100.000000
1, 37.39, 100.000000
1, 36.90, 500.000000
1, 36.86, 100.000000
1, 36.80, 300.000000
2, 35.84, 100.000000
2, 35.79, 100.000000
2, 35.70, 200.000000
2, 35.61, 2500.000000
2, 35.00, 100.000000
2, 33.00, 200.000000
2, 32.00, 100.000000
@, 35.84, 36.80
1, 500.00, 1000.000000
1, 400.00, 1000.000000
1, 300.00, 1000.000000
1, 40.26, 1000.000000
1, 40.11, 200.000000
1, 38.70, 1300.000000
1, 38.25, 800.000000
1, 38.10, 200.000000
1, 38.00, 500.000000
1, 37.90, 200.000000
1, 37.55, 100.000000
1, 37.40, 100.000000
1, 37.39, 100.000000
1, 36.90, 500.000000
1, 36.86, 100.000000
1, 36.80, 300.000000
2, 35.84, 100.000000
2, 35.79, 100.000000
2, 35.70, 200.000000
2, 35.61, 2500.000000
2, 35.00, 100.000000
2, 33.00, 200.000000
2, 32.00, 100.000000
@