, 45.85, 45.90
1, 46.20, 900.000000
1, 46.15, 1200.000000
1, 46.14, 200.000000
1, 46.10, 500.000000
1, 46.09, 100.000000
1, 46.08, 100.000000
1, 46.07, 100.000000
1, 46.05, 200.000000
1, 46.04, 100.000000
1, 46.03, 100.000000
1, 46.00, 1100.000000
1, 45.99, 100.000000
1, 45.98, 800.000000
1, 45.95, 300.000000
1, 45.91, 600.000000
1, 45.90, 1200.000000
2, 45.85, 300.000000
2, 45.80, 100.000000
2, 45.75, 100.000000
2, 45.70, 400.000000
2, 45.69, 900.000000
2, 45.65, 100.000000
2, 45.63, 100.000000
2, 45.62, 500.000000
2, 45.61, 100.000000
2, 45.60, 300.000000
2, 45.58, 100.000000
2, 45.57, 100.000000
2, 45.56, 100.000000
2, 45.55, 200.000000
2, 45.53, 100.000000
@, 45.85, 45.90
1, 46.20, 900.000000
1, 46.15, 1200.000000
1, 46.14, 200.000000
1, 46.10, 500.000000
1, 46.09, 100.000000
1, 46.08, 100.000000
1, 46.07, 100.000000
1, 46.05, 200.000000
1, 46.04, 100.000000
1, 46.03, 100.000000
1, 46.00, 1100.000000
1, 45.99, 100.000000
1, 45.98, 800.000000
1, 45.95, 300.000000
1, 45.91, 600.000000
1, 45.90, 1200.000000
2, 45.85, 300.000000
2, 45.80, 100.000000
2, 45.77, 200.000000
2, 45.75, 100.000000
2, 45.70, 200.000000
2, 45.69, 900.000000
2, 45.65, 100.000000
2, 45.63, 100.000000
2, 45.62, 500.000000
2, 45.61, 100.000000
2, 45.60, 300.000000
2, 45.58, 100.000000
2, 45.57, 100.000000
2, 45.56, 100.000000
2, 45.55, 200.000000
@, 45.85, 45.90
1, 46.20, 900.000000
1, 46.15, 1200.000000
1, 46.14, 200.000000
1, 46.10, 500.000000
1, 46.09, 100.000000
1, 46.08, 100.000000
1, 46.07, 100.000000
1, 46.05, 200.000000
1, 46.04, 100.000000
1, 46.03, 100.000000
1, 46.00, 1100.000000
1, 45.99, 100.000000
1, 45.98, 800.000000
1, 45.95, 300.000000
1, 45.91, 500.000000
1, 45.90, 1200.000000
2, 45.85, 300.000000
2, 45.80, 100.000000
2, 45.77, 200.000000
2, 45.75, 100.000000
2, 45.70, 200.000000
2, 45.69, 900.000000
2, 45.65, 200.000000
2, 45.63, 100.000000
2, 45.62, 500.000000
2, 45.61, 100.000000
2, 45.60, 300.000000
2, 45.58, 100.000000
2, 45.57, 100.000000
2, 45.56, 100.000000
2, 45.55, 200.000000
@, 45.85, 45.90
1, 46.20, 900.000000
1, 46.15, 1200.000000
1, 46.14, 200.000000
1, 46.10, 500.000000
1, 46.09, 100.000000
1, 46.08, 100.000000
1, 46.07, 100.000000
1, 46.05, 200.000000
1, 46.04, 100.000000
1, 46.03, 100.000000
1, 46.00, 1100.000000
1, 45.99, 100.000000
1, 45.98, 800.000000
1, 45.95, 300.000000
1, 45.91, 500.000000
1, 45.90, 1300.000000
2, 45.85, 300.000000
2, 45.80, 100.000000
2, 45.77, 200.000000
2, 45.75, 100.000000
2, 45.70, 200.000000
2, 45.69, 900.000000
2, 45.65, 200.000000
2, 45.63, 100.000000
2, 45.62, 500.000000
2, 45.61, 100.000000
2, 45.60, 300.000000
2, 45.58, 100.000000
2, 45.57, 100.000000
2, 45.56, 100.000000
2, 45.55, 200.000000
@, 45.85, 45.90
1, 46.20, 900.000000
1, 46.15, 1200.000000
1, 46.14, 200.000000
1, 46.10, 500.000000
1, 46.09, 100.000000
1, 46.08, 100.000000
1, 46.07, 100.000000
1, 46.05, 200.000000
1, 46.04, 100.000000
1, 46.03, 100.000000
1, 46.00, 1100.000000
1, 45.99, 100.000000
1, 45.98, 800.000000
1, 45.95, 300.000000
1, 45.91, 500.000000
1, 45.90, 1300.000000
2, 45.85, 300.000000
2, 45.80, 100.000000
2, 45.77, 200.000000
2, 45.75, 100.000000
2, 45.70, 200.000000
2, 45.69, 900.000000
2, 45.65, 200.000000
2, 45.63, 100.000000
2, 45.62, 500.000000
2, 45.61, 100.000000
2, 45.60, 300.000000
2, 45.58, 100.000000
2, 45.57, 100.000000
2, 45.56, 100.000000
2, 45.55, 200.000000
@, 45.85, 45.90
1, 46.20, 900.000000
1, 46.15, 1200.000000
1, 46.14, 200.000000
1, 46.10, 500.000000
1, 46.09, 100.000000
1, 46.08, 100.000000
1, 46.07, 100.000000
1, 46.05, 200.000000
1, 46.04, 100.000000
1, 46.03, 100.000000
1, 46.00, 1100.000000
1, 45.99, 100.000000
1, 45.98, 800.000000
1, 45.95, 300.000000
1, 45.91, 500.000000
1, 45.90, 1300.000000
2, 45.85, 300.000000
2, 45.80, 100.000000
2, 45.77, 200.000000
2, 45.75, 100.000000
2, 45.70, 200.000000
2, 45.69, 900.000000
2, 45.65, 200.000000
2, 45.64, 100.000000
2, 45.63, 100.000000
2, 45.62, 500.000000
2, 45.61, 100.000000
2, 45.60, 300.000000
2, 45.58, 100.000000
2, 45.57, 100.000000
2, 45.56, 100.000000
@, 45.85, 45.90
1, 46.20, 900.000000
1, 46.15, 1200.000000
1, 46.14, 200.000000
1, 46.10, 500.000000
1, 46.09, 100.000000
1, 46.08, 100.000000
1, 46.07, 100.000000
1, 46.05, 200.000000
1, 46.04, 100.000000
1, 46.03, 100.000000
1, 46.00, 1100.000000
1, 45.99, 100.000000
1, 45.98, 800.000000
1, 45.95, 300.000000
1, 45.91, 500.000000
1, 45.90, 1300.000000
2, 45.85, 300.000000
2, 45.80, 100.000000
2, 45.77, 200.000000
2, 45.75, 100.000000
2, 45.70, 200.000000
2, 45.69, 900.000000
2, 45.65, 200.000000
2, 45.64, 100.000000
2, 45.63, 100.000000
2, 45.62, 500.000000
2, 45.61, 100.000000
2, 45.60, 300.000000
2, 45.58, 100.000000
2, 45.57, 100.000000
2, 45.56, 100.000000
@, 45.85, 45.90
1, 46.20, 900.000000
1, 46.15, 1200.000000
1, 46.14, 200.000000
1, 46.10, 500.000000
1, 46.09, 100.000000
1, 46.08, 100.000000
1, 46.07, 100.000000
1, 46.05, 200.000000
1, 46.04, 100.000000
1, 46.03, 100.000000
1, 46.00, 1100.000000
1, 45.99, 100.000000
1, 45.98, 800.000000
1, 45.95, 300.000000
1, 45.91, 500.000000
1, 45.90, 1300.000000
2, 45.85, 300.000000
2, 45.80, 100.000000
2, 45.77, 200.000000
2, 45.75, 100.000000
2, 45.70, 200.000000
2, 45.69, 900.000000
2, 45.65, 200.000000
2, 45.64, 100.000000
2, 45.63, 100.000000
2, 45.62, 500.000000
2, 45.61, 100.000000
2, 45.60, 300.000000
2, 45.58, 100.000000
2, 45.57, 100.000000
2, 45.56, 100.000000
@, 45.85, 45.90
1, 46.20, 900.000000
1, 46.15, 1200.000000
1, 46.14, 200.000000
1, 46.10, 500.000000
1, 46.09, 100.000000
1, 46.08, 100.000000
1, 46.07, 100.000000
1, 46.05, 200.000000
1, 46.04, 100.000000
1, 46.03, 100.000000
1, 46.00, 1100.000000
1, 45.99, 100.000000
1, 45.98, 800.000000
1, 45.95, 300.000000
1, 45.91, 500.000000
1, 45.90, 1300.000000
2, 45.85, 300.000000
2, 45.80, 100.000000
2, 45.77, 200.000000
2, 45.75, 100.000000
2, 45.70, 200.000000
2, 45.69, 900.000000
2, 45.65, 200.000000
2, 45.64, 100.000000
2, 45.63, 100.000000
2, 45.62, 500.000000
2, 45.61, 100.000000
2, 45.60, 300.000000
2, 45.58, 100.000000
2, 45.57, 100.000000
2, 45.56, 100.000000
@, 45.85, 45.90
1, 46.20, 900.000000
1, 46.15, 1200.000000
1, 46.14, 200.000000
1, 46.10, 500.000000
1, 46.09, 100.000000
1, 46.08, 100.000000
1, 46.07, 100.000000
1, 46.05, 200.000000
1, 46.04, 100.000000
1, 46.03, 100.000000
1, 46.00, 1100.000000
1, 45.99, 100.000000
1, 45.98, 800.000000
1, 45.95, 300.000000
1, 45.91, 500.000000
1, 45.90, 1300.000000
2, 45.85, 300.000000
2, 45.80, 100.000000
2, 45.77, 200.000000
2, 45.75, 100.000000
2, 45.70, 200.000000
2, 45.69, 900.000000
2, 45.65, 200.000000
2, 45.64, 100.000000
2, 45.63, 100.000000
2, 45.62, 500.000000
2, 45.61, 100.000000
2, 45.60, 300.000000
2, 45.58, 100.000000
2, 45.57, 100.000000
2, 45.56, 100.000000
@