, 15.36, 15.38
1, 15.53, 1600.000000
1, 15.52, 4600.000000
1, 15.51, 1000.000000
1, 15.50, 10500.000000
1, 15.49, 1800.000000
1, 15.48, 2500.000000
1, 15.47, 1100.000000
1, 15.46, 3600.000000
1, 15.45, 8700.000000
1, 15.44, 2300.000000
1, 15.43, 1300.000000
1, 15.42, 2100.000000
1, 15.41, 1800.000000
1, 15.40, 4800.000000
1, 15.39, 5200.000000
1, 15.38, 1300.000000
2, 15.36, 1300.000000
2, 15.35, 1000.000000
2, 15.34, 2100.000000
2, 15.33, 2100.000000
2, 15.32, 2400.000000
2, 15.31, 1500.000000
2, 15.30, 2600.000000
2, 15.29, 2000.000000
2, 15.28, 3300.000000
2, 15.27, 2400.000000
2, 15.26, 2700.000000
2, 15.25, 10900.000000
2, 15.24, 3600.000000
2, 15.23, 1300.000000
2, 15.22, 5500.000000
@, 15.36, 15.38
1, 15.53, 1600.000000
1, 15.52, 4600.000000
1, 15.51, 1000.000000
1, 15.50, 10500.000000
1, 15.49, 1800.000000
1, 15.48, 2500.000000
1, 15.47, 1100.000000
1, 15.46, 3600.000000
1, 15.45, 8700.000000
1, 15.44, 2300.000000
1, 15.43, 1300.000000
1, 15.42, 2100.000000
1, 15.41, 1800.000000
1, 15.40, 4800.000000
1, 15.39, 5200.000000
1, 15.38, 1300.000000
2, 15.36, 1300.000000
2, 15.35, 1000.000000
2, 15.34, 2100.000000
2, 15.33, 2100.000000
2, 15.32, 2400.000000
2, 15.31, 1500.000000
2, 15.30, 2600.000000
2, 15.29, 2000.000000
2, 15.28, 3300.000000
2, 15.27, 2400.000000
2, 15.26, 2700.000000
2, 15.25, 10900.000000
2, 15.24, 3600.000000
2, 15.23, 1300.000000
2, 15.22, 5500.000000
@, 15.36, 15.38
1, 15.53, 1600.000000
1, 15.52, 4600.000000
1, 15.51, 1400.000000
1, 15.50, 10500.000000
1, 15.49, 1800.000000
1, 15.48, 2500.000000
1, 15.47, 1100.000000
1, 15.46, 3600.000000
1, 15.45, 8700.000000
1, 15.44, 2300.000000
1, 15.43, 1300.000000
1, 15.42, 2100.000000
1, 15.41, 1800.000000
1, 15.40, 4800.000000
1, 15.39, 5200.000000
1, 15.38, 1300.000000
2, 15.36, 1300.000000
2, 15.35, 1000.000000
2, 15.34, 2100.000000
2, 15.33, 2100.000000
2, 15.32, 2400.000000
2, 15.31, 1500.000000
2, 15.30, 3000.000000
2, 15.29, 2000.000000
2, 15.28, 3300.000000
2, 15.27, 2400.000000
2, 15.26, 2700.000000
2, 15.25, 10900.000000
2, 15.24, 3600.000000
2, 15.23, 1300.000000
2, 15.22, 5500.000000
@, 15.36, 15.38
1, 15.53, 1600.000000
1, 15.52, 4600.000000
1, 15.51, 1400.000000
1, 15.50, 10500.000000
1, 15.49, 1800.000000
1, 15.48, 2500.000000
1, 15.47, 1100.000000
1, 15.46, 3600.000000
1, 15.45, 8700.000000
1, 15.44, 2300.000000
1, 15.43, 1300.000000
1, 15.42, 2100.000000
1, 15.41, 1800.000000
1, 15.40, 4800.000000
1, 15.39, 5200.000000
1, 15.38, 1300.000000
2, 15.36, 1300.000000
2, 15.35, 1000.000000
2, 15.34, 2100.000000
2, 15.33, 2100.000000
2, 15.32, 2400.000000
2, 15.31, 1500.000000
2, 15.30, 3000.000000
2, 15.29, 2000.000000
2, 15.28, 3300.000000
2, 15.27, 2400.000000
2, 15.26, 2700.000000
2, 15.25, 10900.000000
2, 15.24, 3600.000000
2, 15.23, 1300.000000
2, 15.22, 5500.000000
@, 15.36, 15.38
1, 15.53, 1600.000000
1, 15.52, 4600.000000
1, 15.51, 1400.000000
1, 15.50, 10500.000000
1, 15.49, 1800.000000
1, 15.48, 2500.000000
1, 15.47, 1100.000000
1, 15.46, 3600.000000
1, 15.45, 8700.000000
1, 15.44, 2300.000000
1, 15.43, 1300.000000
1, 15.42, 2100.000000
1, 15.41, 1800.000000
1, 15.40, 4800.000000
1, 15.39, 5200.000000
1, 15.38, 1300.000000
2, 15.36, 1300.000000
2, 15.35, 1000.000000
2, 15.34, 2100.000000
2, 15.33, 2100.000000
2, 15.32, 2400.000000
2, 15.31, 1500.000000
2, 15.30, 3000.000000
2, 15.29, 2000.000000
2, 15.28, 3300.000000
2, 15.27, 2400.000000
2, 15.26, 2700.000000
2, 15.25, 10900.000000
2, 15.24, 3600.000000
2, 15.23, 1300.000000
2, 15.22, 5500.000000
@, 15.36, 15.38
1, 15.53, 1600.000000
1, 15.52, 4600.000000
1, 15.51, 1400.000000
1, 15.50, 10500.000000
1, 15.49, 1800.000000
1, 15.48, 2500.000000
1, 15.47, 1100.000000
1, 15.46, 3600.000000
1, 15.45, 8700.000000
1, 15.44, 2300.000000
1, 15.43, 1300.000000
1, 15.42, 2100.000000
1, 15.41, 1800.000000
1, 15.40, 4800.000000
1, 15.39, 5200.000000
1, 15.38, 1300.000000
2, 15.36, 1300.000000
2, 15.35, 1000.000000
2, 15.34, 2100.000000
2, 15.33, 2100.000000
2, 15.32, 2400.000000
2, 15.31, 1500.000000
2, 15.30, 3000.000000
2, 15.29, 2000.000000
2, 15.28, 3300.000000
2, 15.27, 2400.000000
2, 15.26, 2700.000000
2, 15.25, 10900.000000
2, 15.24, 3600.000000
2, 15.23, 1300.000000
2, 15.22, 5500.000000
@, 15.36, 15.38
1, 15.53, 1600.000000
1, 15.52, 4600.000000
1, 15.51, 1400.000000
1, 15.50, 10500.000000
1, 15.49, 1800.000000
1, 15.48, 2500.000000
1, 15.47, 1100.000000
1, 15.46, 3600.000000
1, 15.45, 8700.000000
1, 15.44, 2300.000000
1, 15.43, 1300.000000
1, 15.42, 2100.000000
1, 15.41, 1800.000000
1, 15.40, 4800.000000
1, 15.39, 5200.000000
1, 15.38, 1300.000000
2, 15.36, 1300.000000
2, 15.35, 1000.000000
2, 15.34, 2100.000000
2, 15.33, 2100.000000
2, 15.32, 2400.000000
2, 15.31, 1500.000000
2, 15.30, 3000.000000
2, 15.29, 2000.000000
2, 15.28, 3300.000000
2, 15.27, 2400.000000
2, 15.26, 2700.000000
2, 15.25, 10900.000000
2, 15.24, 3600.000000
2, 15.23, 1300.000000
2, 15.22, 5500.000000
@, 15.36, 15.38
1, 15.53, 1600.000000
1, 15.52, 4600.000000
1, 15.51, 1400.000000
1, 15.50, 10500.000000
1, 15.49, 1800.000000
1, 15.48, 2500.000000
1, 15.47, 1100.000000
1, 15.46, 3600.000000
1, 15.45, 8700.000000
1, 15.44, 2300.000000
1, 15.43, 1300.000000
1, 15.42, 2100.000000
1, 15.41, 1800.000000
1, 15.40, 4800.000000
1, 15.39, 5200.000000
1, 15.38, 1300.000000
2, 15.36, 1300.000000
2, 15.35, 1000.000000
2, 15.34, 2100.000000
2, 15.33, 2100.000000
2, 15.32, 2400.000000
2, 15.31, 1500.000000
2, 15.30, 3000.000000
2, 15.29, 2000.000000
2, 15.28, 3300.000000
2, 15.27, 2400.000000
2, 15.26, 2700.000000
2, 15.25, 10900.000000
2, 15.24, 3600.000000
2, 15.23, 1300.000000
2, 15.22, 5500.000000
@, 15.36, 15.37
1, 15.52, 4600.000000
1, 15.51, 1400.000000
1, 15.50, 10500.000000
1, 15.49, 1800.000000
1, 15.48, 2500.000000
1, 15.47, 1100.000000
1, 15.46, 3600.000000
1, 15.45, 8700.000000
1, 15.44, 2300.000000
1, 15.43, 1300.000000
1, 15.42, 2100.000000
1, 15.41, 1800.000000
1, 15.40, 4800.000000
1, 15.39, 2800.000000
1, 15.38, 1300.000000
1, 15.37, 3200.000000
2, 15.36, 400.000000
2, 15.35, 400.000000
2, 15.34, 2100.000000
2, 15.33, 1700.000000
2, 15.32, 2400.000000
2, 15.31, 1500.000000
2, 15.30, 3000.000000
2, 15.29, 2000.000000
2, 15.28, 3300.000000
2, 15.27, 2400.000000
2, 15.26, 2700.000000
2, 15.25, 10900.000000
2, 15.24, 3600.000000
2, 15.23, 1300.000000
2, 15.22, 5500.000000
@, 15.36, 15.37
1, 15.52, 4600.000000
1, 15.51, 1400.000000
1, 15.50, 10500.000000
1, 15.49, 1800.000000
1, 15.48, 2500.000000
1, 15.47, 1100.000000
1, 15.46, 3600.000000
1, 15.45, 8700.000000
1, 15.44, 2300.000000
1, 15.43, 1300.000000
1, 15.42, 2100.000000
1, 15.41, 1800.000000
1, 15.40, 4800.000000
1, 15.39, 2800.000000
1, 15.38, 1300.000000
1, 15.37, 3200.000000
2, 15.36, 400.000000
2, 15.35, 400.000000
2, 15.34, 2100.000000
2, 15.33, 1700.000000
2, 15.32, 2400.000000
2, 15.31, 1500.000000
2, 15.30, 3000.000000
2, 15.29, 2000.000000
2, 15.28, 3300.000000
2, 15.27, 2400.000000
2, 15.26, 2700.000000
2, 15.25, 10900.000000
2, 15.24, 3600.000000
2, 15.23, 1300.000000
2, 15.22, 5500.000000
@