, 15.20, 15.42
1, 16.90, 100.000000
1, 16.80, 400.000000
1, 16.78, 100.000000
1, 16.50, 100.000000
1, 16.25, 100.000000
1, 16.09, 100.000000
1, 16.00, 800.000000
1, 15.89, 300.000000
1, 15.88, 100.000000
1, 15.80, 100.000000
1, 15.65, 1000.000000
1, 15.53, 2800.000000
1, 15.50, 500.000000
1, 15.49, 1000.000000
1, 15.45, 500.000000
1, 15.42, 1100.000000
2, 15.20, 300.000000
2, 15.16, 400.000000
2, 15.15, 200.000000
2, 15.11, 300.000000
2, 15.10, 12000.000000
2, 15.08, 2000.000000
2, 15.06, 200.000000
2, 15.04, 100.000000
2, 15.03, 400.000000
2, 15.00, 1000.000000
2, 14.95, 300.000000
2, 14.90, 700.000000
2, 14.71, 200.000000
2, 14.65, 700.000000
2, 14.50, 800.000000
@, 15.21, 15.42
1, 16.80, 400.000000
1, 16.78, 100.000000
1, 16.50, 100.000000
1, 16.25, 100.000000
1, 16.09, 100.000000
1, 16.00, 800.000000
1, 15.89, 300.000000
1, 15.88, 100.000000
1, 15.80, 100.000000
1, 15.65, 1000.000000
1, 15.54, 2000.000000
1, 15.53, 800.000000
1, 15.50, 500.000000
1, 15.49, 1000.000000
1, 15.45, 500.000000
1, 15.42, 1100.000000
2, 15.21, 100.000000
2, 15.20, 300.000000
2, 15.16, 400.000000
2, 15.15, 200.000000
2, 15.11, 300.000000
2, 15.10, 12000.000000
2, 15.09, 2000.000000
2, 15.06, 200.000000
2, 15.04, 100.000000
2, 15.03, 400.000000
2, 15.00, 1000.000000
2, 14.95, 300.000000
2, 14.90, 700.000000
2, 14.71, 200.000000
2, 14.65, 700.000000
@, 15.21, 15.42
1, 16.80, 400.000000
1, 16.78, 100.000000
1, 16.50, 100.000000
1, 16.25, 100.000000
1, 16.09, 100.000000
1, 16.00, 800.000000
1, 15.89, 300.000000
1, 15.88, 100.000000
1, 15.80, 100.000000
1, 15.65, 1000.000000
1, 15.54, 2000.000000
1, 15.53, 800.000000
1, 15.50, 500.000000
1, 15.49, 1000.000000
1, 15.45, 500.000000
1, 15.42, 1100.000000
2, 15.21, 100.000000
2, 15.20, 300.000000
2, 15.16, 400.000000
2, 15.15, 200.000000
2, 15.11, 300.000000
2, 15.10, 12000.000000
2, 15.09, 2000.000000
2, 15.06, 200.000000
2, 15.04, 100.000000
2, 15.03, 400.000000
2, 15.00, 1000.000000
2, 14.95, 300.000000
2, 14.90, 700.000000
2, 14.71, 200.000000
2, 14.65, 700.000000
@, 15.21, 15.42
1, 16.80, 400.000000
1, 16.78, 100.000000
1, 16.50, 100.000000
1, 16.25, 100.000000
1, 16.09, 100.000000
1, 16.00, 800.000000
1, 15.89, 300.000000
1, 15.88, 100.000000
1, 15.80, 100.000000
1, 15.65, 1000.000000
1, 15.54, 2000.000000
1, 15.53, 800.000000
1, 15.50, 500.000000
1, 15.49, 1000.000000
1, 15.45, 500.000000
1, 15.42, 1100.000000
2, 15.21, 100.000000
2, 15.20, 300.000000
2, 15.16, 400.000000
2, 15.15, 200.000000
2, 15.11, 300.000000
2, 15.10, 12000.000000
2, 15.09, 2000.000000
2, 15.06, 200.000000
2, 15.04, 100.000000
2, 15.03, 400.000000
2, 15.00, 1000.000000
2, 14.95, 300.000000
2, 14.90, 700.000000
2, 14.71, 200.000000
2, 14.65, 700.000000
@, 15.21, 15.42
1, 16.80, 400.000000
1, 16.78, 100.000000
1, 16.50, 100.000000
1, 16.25, 100.000000
1, 16.09, 100.000000
1, 16.00, 800.000000
1, 15.89, 300.000000
1, 15.88, 100.000000
1, 15.80, 100.000000
1, 15.65, 1000.000000
1, 15.54, 2000.000000
1, 15.53, 800.000000
1, 15.50, 500.000000
1, 15.49, 1000.000000
1, 15.45, 500.000000
1, 15.42, 1100.000000
2, 15.21, 100.000000
2, 15.20, 300.000000
2, 15.16, 400.000000
2, 15.15, 200.000000
2, 15.11, 300.000000
2, 15.10, 12000.000000
2, 15.09, 2000.000000
2, 15.06, 200.000000
2, 15.04, 100.000000
2, 15.03, 400.000000
2, 15.00, 1000.000000
2, 14.95, 300.000000
2, 14.90, 700.000000
2, 14.71, 200.000000
2, 14.65, 700.000000
@, 15.21, 15.42
1, 16.80, 400.000000
1, 16.78, 100.000000
1, 16.50, 100.000000
1, 16.25, 100.000000
1, 16.09, 100.000000
1, 16.00, 800.000000
1, 15.89, 300.000000
1, 15.88, 100.000000
1, 15.80, 100.000000
1, 15.65, 1000.000000
1, 15.54, 2000.000000
1, 15.53, 800.000000
1, 15.50, 500.000000
1, 15.49, 1000.000000
1, 15.45, 500.000000
1, 15.42, 1100.000000
2, 15.21, 100.000000
2, 15.20, 300.000000
2, 15.16, 400.000000
2, 15.15, 200.000000
2, 15.11, 300.000000
2, 15.10, 12000.000000
2, 15.09, 2000.000000
2, 15.06, 200.000000
2, 15.04, 100.000000
2, 15.03, 400.000000
2, 15.00, 1000.000000
2, 14.95, 300.000000
2, 14.90, 700.000000
2, 14.71, 200.000000
2, 14.65, 700.000000
@, 15.21, 15.42
1, 16.80, 400.000000
1, 16.78, 100.000000
1, 16.50, 100.000000
1, 16.25, 100.000000
1, 16.09, 100.000000
1, 16.00, 800.000000
1, 15.89, 300.000000
1, 15.88, 100.000000
1, 15.80, 100.000000
1, 15.65, 1000.000000
1, 15.54, 2000.000000
1, 15.53, 800.000000
1, 15.50, 500.000000
1, 15.49, 1000.000000
1, 15.45, 500.000000
1, 15.42, 1100.000000
2, 15.21, 100.000000
2, 15.20, 300.000000
2, 15.16, 400.000000
2, 15.15, 200.000000
2, 15.11, 300.000000
2, 15.10, 12000.000000
2, 15.09, 2000.000000
2, 15.06, 200.000000
2, 15.04, 100.000000
2, 15.03, 400.000000
2, 15.00, 1000.000000
2, 14.95, 300.000000
2, 14.90, 700.000000
2, 14.71, 200.000000
2, 14.65, 700.000000
@, 15.21, 15.42
1, 16.80, 400.000000
1, 16.78, 100.000000
1, 16.50, 100.000000
1, 16.25, 100.000000
1, 16.09, 100.000000
1, 16.00, 800.000000
1, 15.89, 300.000000
1, 15.88, 100.000000
1, 15.80, 100.000000
1, 15.65, 1000.000000
1, 15.54, 2000.000000
1, 15.53, 800.000000
1, 15.50, 500.000000
1, 15.49, 1000.000000
1, 15.45, 500.000000
1, 15.42, 1100.000000
2, 15.21, 100.000000
2, 15.20, 300.000000
2, 15.16, 400.000000
2, 15.15, 200.000000
2, 15.11, 300.000000
2, 15.10, 12000.000000
2, 15.09, 2000.000000
2, 15.06, 200.000000
2, 15.04, 100.000000
2, 15.03, 400.000000
2, 15.00, 1000.000000
2, 14.95, 300.000000
2, 14.90, 700.000000
2, 14.71, 200.000000
2, 14.65, 700.000000
@, 15.21, 15.42
1, 16.80, 400.000000
1, 16.78, 100.000000
1, 16.50, 100.000000
1, 16.25, 100.000000
1, 16.09, 100.000000
1, 16.00, 800.000000
1, 15.89, 300.000000
1, 15.88, 100.000000
1, 15.80, 100.000000
1, 15.65, 1000.000000
1, 15.54, 2000.000000
1, 15.53, 800.000000
1, 15.50, 500.000000
1, 15.49, 1000.000000
1, 15.45, 500.000000
1, 15.42, 1100.000000
2, 15.21, 100.000000
2, 15.20, 300.000000
2, 15.16, 400.000000
2, 15.15, 200.000000
2, 15.11, 300.000000
2, 15.10, 12000.000000
2, 15.09, 2000.000000
2, 15.06, 200.000000
2, 15.04, 100.000000
2, 15.03, 400.000000
2, 15.00, 1000.000000
2, 14.95, 300.000000
2, 14.90, 700.000000
2, 14.71, 200.000000
2, 14.65, 700.000000
@, 15.21, 15.42
1, 16.80, 400.000000
1, 16.78, 100.000000
1, 16.50, 100.000000
1, 16.25, 100.000000
1, 16.09, 100.000000
1, 16.00, 800.000000
1, 15.89, 300.000000
1, 15.88, 100.000000
1, 15.80, 100.000000
1, 15.65, 1000.000000
1, 15.54, 2000.000000
1, 15.53, 800.000000
1, 15.50, 500.000000
1, 15.49, 1000.000000
1, 15.45, 500.000000
1, 15.42, 1100.000000
2, 15.21, 100.000000
2, 15.20, 300.000000
2, 15.16, 400.000000
2, 15.15, 200.000000
2, 15.11, 300.000000
2, 15.10, 12000.000000
2, 15.09, 2000.000000
2, 15.06, 200.000000
2, 15.04, 100.000000
2, 15.03, 400.000000
2, 15.00, 1000.000000
2, 14.95, 300.000000
2, 14.90, 700.000000
2, 14.71, 200.000000
2, 14.65, 700.000000
@