, 14.40, 14.60
1, 20.00, 2500.000000
1, 18.00, 1000.000000
1, 17.00, 1000.000000
1, 16.95, 100.000000
1, 16.35, 100.000000
1, 16.00, 200.000000
1, 15.90, 300.000000
1, 15.89, 100.000000
1, 15.10, 100.000000
1, 15.00, 100.000000
1, 14.95, 500.000000
1, 14.94, 100.000000
1, 14.75, 100.000000
1, 14.70, 100.000000
1, 14.65, 100.000000
1, 14.60, 100.000000
2, 14.40, 100.000000
2, 14.39, 100.000000
2, 14.37, 200.000000
2, 14.35, 300.000000
2, 14.34, 400.000000
2, 14.33, 1400.000000
2, 14.32, 3300.000000
2, 14.00, 100.000000
2, 13.78, 200.000000
2, 13.45, 100.000000
2, 12.92, 100.000000
2, 12.70, 1000.000000
2, 10.05, 100.000000
2, 9.00, 500.000000
2, 7.50, 1000.000000
@, 14.40, 14.60
1, 20.00, 2500.000000
1, 18.00, 1000.000000
1, 17.00, 1000.000000
1, 16.95, 100.000000
1, 16.35, 100.000000
1, 16.00, 200.000000
1, 15.90, 300.000000
1, 15.89, 100.000000
1, 15.10, 100.000000
1, 15.00, 100.000000
1, 14.95, 500.000000
1, 14.94, 100.000000
1, 14.75, 100.000000
1, 14.70, 100.000000
1, 14.65, 100.000000
1, 14.60, 100.000000
2, 14.40, 100.000000
2, 14.39, 100.000000
2, 14.37, 200.000000
2, 14.35, 300.000000
2, 14.34, 400.000000
2, 14.33, 1400.000000
2, 14.32, 3300.000000
2, 14.00, 100.000000
2, 13.78, 200.000000
2, 13.45, 100.000000
2, 12.92, 100.000000
2, 12.70, 1000.000000
2, 10.05, 100.000000
2, 9.00, 500.000000
2, 7.50, 1000.000000
@, 14.40, 14.60
1, 20.00, 2500.000000
1, 18.00, 1000.000000
1, 17.00, 1000.000000
1, 16.95, 100.000000
1, 16.35, 100.000000
1, 16.00, 200.000000
1, 15.90, 300.000000
1, 15.89, 100.000000
1, 15.10, 100.000000
1, 15.00, 100.000000
1, 14.95, 500.000000
1, 14.94, 100.000000
1, 14.75, 100.000000
1, 14.70, 100.000000
1, 14.65, 100.000000
1, 14.60, 100.000000
2, 14.40, 100.000000
2, 14.39, 100.000000
2, 14.37, 200.000000
2, 14.35, 300.000000
2, 14.34, 400.000000
2, 14.33, 1400.000000
2, 14.32, 3300.000000
2, 14.00, 100.000000
2, 13.78, 200.000000
2, 13.45, 100.000000
2, 12.92, 100.000000
2, 12.70, 1000.000000
2, 10.05, 100.000000
2, 9.00, 500.000000
2, 7.50, 1000.000000
@, 14.40, 14.60
1, 20.00, 2500.000000
1, 18.00, 1000.000000
1, 17.00, 1000.000000
1, 16.95, 100.000000
1, 16.35, 100.000000
1, 16.00, 200.000000
1, 15.90, 300.000000
1, 15.89, 100.000000
1, 15.10, 100.000000
1, 15.00, 100.000000
1, 14.95, 500.000000
1, 14.94, 100.000000
1, 14.75, 100.000000
1, 14.70, 100.000000
1, 14.65, 100.000000
1, 14.60, 100.000000
2, 14.40, 100.000000
2, 14.39, 100.000000
2, 14.37, 200.000000
2, 14.35, 300.000000
2, 14.34, 400.000000
2, 14.33, 1400.000000
2, 14.32, 3300.000000
2, 14.00, 100.000000
2, 13.78, 200.000000
2, 13.45, 100.000000
2, 12.92, 100.000000
2, 12.70, 1000.000000
2, 10.05, 100.000000
2, 9.00, 500.000000
2, 7.50, 1000.000000
@, 14.40, 14.60
1, 20.00, 2500.000000
1, 18.00, 1000.000000
1, 17.00, 1000.000000
1, 16.95, 100.000000
1, 16.35, 100.000000
1, 16.00, 200.000000
1, 15.90, 300.000000
1, 15.89, 100.000000
1, 15.10, 100.000000
1, 15.00, 100.000000
1, 14.95, 500.000000
1, 14.94, 100.000000
1, 14.75, 100.000000
1, 14.70, 100.000000
1, 14.65, 100.000000
1, 14.60, 100.000000
2, 14.40, 100.000000
2, 14.39, 100.000000
2, 14.37, 200.000000
2, 14.35, 300.000000
2, 14.34, 400.000000
2, 14.33, 1400.000000
2, 14.32, 3300.000000
2, 14.00, 100.000000
2, 13.78, 200.000000
2, 13.45, 100.000000
2, 12.92, 100.000000
2, 12.70, 1000.000000
2, 10.05, 100.000000
2, 9.00, 500.000000
2, 7.50, 1000.000000
@, 14.40, 14.60
1, 20.00, 2500.000000
1, 18.00, 1000.000000
1, 17.00, 1000.000000
1, 16.95, 100.000000
1, 16.35, 100.000000
1, 16.00, 200.000000
1, 15.90, 300.000000
1, 15.89, 100.000000
1, 15.10, 100.000000
1, 15.00, 100.000000
1, 14.95, 500.000000
1, 14.94, 100.000000
1, 14.75, 100.000000
1, 14.70, 100.000000
1, 14.65, 100.000000
1, 14.60, 100.000000
2, 14.40, 100.000000
2, 14.39, 100.000000
2, 14.37, 200.000000
2, 14.35, 300.000000
2, 14.34, 400.000000
2, 14.33, 1400.000000
2, 14.32, 3300.000000
2, 14.00, 100.000000
2, 13.78, 200.000000
2, 13.45, 100.000000
2, 12.92, 100.000000
2, 12.70, 1000.000000
2, 10.05, 100.000000
2, 9.00, 500.000000
2, 7.50, 1000.000000
@, 14.40, 14.60
1, 20.00, 2500.000000
1, 18.00, 1000.000000
1, 17.00, 1000.000000
1, 16.95, 100.000000
1, 16.35, 100.000000
1, 16.00, 200.000000
1, 15.90, 300.000000
1, 15.89, 100.000000
1, 15.10, 100.000000
1, 15.00, 100.000000
1, 14.95, 500.000000
1, 14.94, 100.000000
1, 14.75, 100.000000
1, 14.70, 100.000000
1, 14.65, 100.000000
1, 14.60, 100.000000
2, 14.40, 100.000000
2, 14.39, 100.000000
2, 14.37, 200.000000
2, 14.35, 300.000000
2, 14.34, 400.000000
2, 14.33, 1400.000000
2, 14.32, 3300.000000
2, 14.00, 100.000000
2, 13.78, 200.000000
2, 13.45, 100.000000
2, 12.92, 100.000000
2, 12.70, 1000.000000
2, 10.05, 100.000000
2, 9.00, 500.000000
2, 7.50, 1000.000000
@, 14.40, 14.60
1, 20.00, 2500.000000
1, 18.00, 1000.000000
1, 17.00, 1000.000000
1, 16.95, 100.000000
1, 16.35, 100.000000
1, 16.00, 200.000000
1, 15.90, 300.000000
1, 15.89, 100.000000
1, 15.10, 100.000000
1, 15.00, 100.000000
1, 14.95, 500.000000
1, 14.94, 100.000000
1, 14.75, 100.000000
1, 14.70, 100.000000
1, 14.65, 100.000000
1, 14.60, 100.000000
2, 14.40, 100.000000
2, 14.39, 100.000000
2, 14.37, 200.000000
2, 14.35, 300.000000
2, 14.34, 400.000000
2, 14.33, 1400.000000
2, 14.32, 3300.000000
2, 14.00, 100.000000
2, 13.78, 200.000000
2, 13.45, 100.000000
2, 12.92, 100.000000
2, 12.70, 1000.000000
2, 10.05, 100.000000
2, 9.00, 500.000000
2, 7.50, 1000.000000
@, 14.40, 14.60
1, 20.00, 2500.000000
1, 18.00, 1000.000000
1, 17.00, 1000.000000
1, 16.95, 100.000000
1, 16.35, 100.000000
1, 16.00, 200.000000
1, 15.90, 300.000000
1, 15.89, 100.000000
1, 15.10, 100.000000
1, 15.00, 100.000000
1, 14.95, 500.000000
1, 14.94, 100.000000
1, 14.75, 100.000000
1, 14.70, 100.000000
1, 14.65, 100.000000
1, 14.60, 100.000000
2, 14.40, 100.000000
2, 14.39, 100.000000
2, 14.37, 200.000000
2, 14.35, 300.000000
2, 14.34, 400.000000
2, 14.33, 1400.000000
2, 14.32, 3300.000000
2, 14.00, 100.000000
2, 13.78, 200.000000
2, 13.45, 100.000000
2, 12.92, 100.000000
2, 12.70, 1000.000000
2, 10.05, 100.000000
2, 9.00, 500.000000
2, 7.50, 1000.000000
@, 14.40, 14.60
1, 20.00, 2500.000000
1, 18.00, 1000.000000
1, 17.00, 1000.000000
1, 16.95, 100.000000
1, 16.35, 100.000000
1, 16.00, 200.000000
1, 15.90, 300.000000
1, 15.89, 100.000000
1, 15.10, 100.000000
1, 15.00, 100.000000
1, 14.95, 500.000000
1, 14.94, 100.000000
1, 14.75, 100.000000
1, 14.70, 100.000000
1, 14.65, 100.000000
1, 14.60, 100.000000
2, 14.40, 100.000000
2, 14.39, 100.000000
2, 14.37, 200.000000
2, 14.35, 300.000000
2, 14.34, 400.000000
2, 14.33, 1400.000000
2, 14.32, 3300.000000
2, 14.00, 100.000000
2, 13.78, 200.000000
2, 13.45, 100.000000
2, 12.92, 100.000000
2, 12.70, 1000.000000
2, 10.05, 100.000000
2, 9.00, 500.000000
2, 7.50, 1000.000000
@