, 14.00, 15.06
1, 25.00, 100.000000
1, 20.00, 1600.000000
1, 19.90, 1600.000000
1, 19.85, 100.000000
1, 18.55, 100.000000
1, 16.00, 7100.000000
1, 15.95, 200.000000
1, 15.06, 100.000000
2, 14.00, 100.000000
2, 13.60, 500.000000
2, 13.01, 100.000000
2, 11.52, 2000.000000
2, 10.00, 400.000000
2, 7.00, 500.000000
2, 5.00, 1000.000000
@, 14.00, 15.06
1, 25.00, 100.000000
1, 20.00, 1600.000000
1, 19.90, 1600.000000
1, 19.85, 100.000000
1, 18.55, 100.000000
1, 16.00, 7100.000000
1, 15.95, 200.000000
1, 15.06, 100.000000
2, 14.00, 100.000000
2, 13.60, 500.000000
2, 13.01, 100.000000
2, 11.52, 2000.000000
2, 10.00, 400.000000
2, 7.00, 500.000000
2, 5.00, 1000.000000
@, 14.00, 15.06
1, 25.00, 100.000000
1, 20.00, 1600.000000
1, 19.90, 1600.000000
1, 19.85, 100.000000
1, 18.55, 100.000000
1, 16.00, 7100.000000
1, 15.95, 200.000000
1, 15.06, 100.000000
2, 14.00, 100.000000
2, 13.60, 500.000000
2, 13.01, 100.000000
2, 11.52, 2000.000000
2, 10.00, 400.000000
2, 7.00, 500.000000
2, 5.00, 1000.000000
@, 14.00, 15.06
1, 25.00, 100.000000
1, 20.00, 1600.000000
1, 19.90, 1600.000000
1, 19.85, 100.000000
1, 18.55, 100.000000
1, 16.00, 7100.000000
1, 15.95, 200.000000
1, 15.06, 100.000000
2, 14.00, 100.000000
2, 13.60, 500.000000
2, 13.01, 100.000000
2, 11.52, 2000.000000
2, 10.00, 400.000000
2, 7.00, 500.000000
2, 5.00, 1000.000000
@, 14.00, 15.06
1, 25.00, 100.000000
1, 20.00, 1600.000000
1, 19.90, 1600.000000
1, 19.85, 100.000000
1, 18.55, 100.000000
1, 16.00, 7100.000000
1, 15.95, 200.000000
1, 15.06, 100.000000
2, 14.00, 100.000000
2, 13.60, 500.000000
2, 13.01, 100.000000
2, 11.52, 2000.000000
2, 10.00, 400.000000
2, 7.00, 500.000000
2, 5.00, 1000.000000
@, 14.00, 15.06
1, 25.00, 100.000000
1, 20.00, 1600.000000
1, 19.90, 1600.000000
1, 19.85, 100.000000
1, 18.55, 100.000000
1, 16.00, 7100.000000
1, 15.95, 200.000000
1, 15.06, 100.000000
2, 14.00, 100.000000
2, 13.60, 500.000000
2, 13.01, 100.000000
2, 11.52, 2000.000000
2, 10.00, 400.000000
2, 7.00, 500.000000
2, 5.00, 1000.000000
@, 14.00, 15.06
1, 25.00, 100.000000
1, 20.00, 1600.000000
1, 19.90, 1600.000000
1, 19.85, 100.000000
1, 18.55, 100.000000
1, 16.00, 7100.000000
1, 15.95, 200.000000
1, 15.06, 100.000000
2, 14.00, 100.000000
2, 13.60, 500.000000
2, 13.01, 100.000000
2, 11.52, 2000.000000
2, 10.00, 400.000000
2, 7.00, 500.000000
2, 5.00, 1000.000000
@, 14.00, 15.06
1, 25.00, 100.000000
1, 20.00, 1600.000000
1, 19.90, 1600.000000
1, 19.85, 100.000000
1, 18.55, 100.000000
1, 16.00, 7100.000000
1, 15.95, 200.000000
1, 15.06, 100.000000
2, 14.00, 100.000000
2, 13.60, 500.000000
2, 13.01, 100.000000
2, 11.52, 2000.000000
2, 10.00, 400.000000
2, 7.00, 500.000000
2, 5.00, 1000.000000
@, 14.00, 15.06
1, 25.00, 100.000000
1, 20.00, 1600.000000
1, 19.90, 1600.000000
1, 19.85, 100.000000
1, 18.55, 100.000000
1, 16.00, 7100.000000
1, 15.95, 200.000000
1, 15.06, 100.000000
2, 14.00, 100.000000
2, 13.60, 500.000000
2, 13.01, 100.000000
2, 11.52, 2000.000000
2, 10.00, 400.000000
2, 7.00, 500.000000
2, 5.00, 1000.000000
@, 14.00, 15.06
1, 25.00, 100.000000
1, 20.00, 1600.000000
1, 19.90, 1600.000000
1, 19.85, 100.000000
1, 18.55, 100.000000
1, 16.00, 7100.000000
1, 15.95, 200.000000
1, 15.06, 100.000000
2, 14.00, 100.000000
2, 13.60, 500.000000
2, 13.01, 100.000000
2, 11.52, 2000.000000
2, 10.00, 400.000000
2, 7.00, 500.000000
2, 5.00, 1000.000000
@