, 20.80, 22.35
1, 34.68, 400.000000
1, 34.50, 400.000000
1, 33.50, 300.000000
1, 32.00, 300.000000
1, 31.50, 1000.000000
1, 30.40, 100.000000
1, 30.00, 400.000000
1, 29.98, 500.000000
1, 29.90, 100.000000
1, 29.65, 200.000000
1, 27.98, 100.000000
1, 24.98, 100.000000
1, 23.90, 500.000000
1, 22.96, 200.000000
1, 22.90, 300.000000
1, 22.35, 100.000000
2, 20.80, 300.000000
2, 20.20, 100.000000
2, 20.10, 100.000000
2, 20.00, 100.000000
2, 19.51, 100.000000
2, 19.50, 400.000000
2, 18.50, 300.000000
2, 18.00, 200.000000
2, 16.00, 100.000000
2, 10.50, 500.000000
2, 10.01, 300.000000
@, 20.80, 22.35
1, 34.68, 400.000000
1, 34.50, 400.000000
1, 33.50, 300.000000
1, 32.00, 300.000000
1, 31.50, 1000.000000
1, 30.40, 100.000000
1, 30.00, 400.000000
1, 29.98, 500.000000
1, 29.90, 100.000000
1, 29.65, 200.000000
1, 27.98, 100.000000
1, 24.98, 100.000000
1, 23.90, 500.000000
1, 22.96, 200.000000
1, 22.90, 300.000000
1, 22.35, 100.000000
2, 20.80, 300.000000
2, 20.20, 100.000000
2, 20.10, 100.000000
2, 20.00, 100.000000
2, 19.51, 100.000000
2, 19.50, 400.000000
2, 18.50, 300.000000
2, 18.00, 200.000000
2, 16.00, 100.000000
2, 10.50, 500.000000
2, 10.01, 300.000000
@, 20.80, 22.35
1, 34.68, 400.000000
1, 34.50, 400.000000
1, 33.50, 300.000000
1, 32.00, 300.000000
1, 31.50, 1000.000000
1, 30.40, 100.000000
1, 30.00, 400.000000
1, 29.98, 500.000000
1, 29.90, 100.000000
1, 29.65, 200.000000
1, 27.98, 100.000000
1, 24.98, 100.000000
1, 23.90, 500.000000
1, 22.96, 200.000000
1, 22.90, 300.000000
1, 22.35, 100.000000
2, 20.80, 300.000000
2, 20.20, 100.000000
2, 20.10, 100.000000
2, 20.00, 100.000000
2, 19.51, 100.000000
2, 19.50, 400.000000
2, 18.50, 300.000000
2, 18.00, 200.000000
2, 16.00, 100.000000
2, 10.50, 500.000000
2, 10.01, 300.000000
@, 20.80, 22.35
1, 34.68, 400.000000
1, 34.50, 400.000000
1, 33.50, 300.000000
1, 32.00, 300.000000
1, 31.50, 1000.000000
1, 30.40, 100.000000
1, 30.00, 400.000000
1, 29.98, 500.000000
1, 29.90, 100.000000
1, 29.65, 200.000000
1, 27.98, 100.000000
1, 24.98, 100.000000
1, 23.90, 500.000000
1, 22.96, 200.000000
1, 22.90, 300.000000
1, 22.35, 100.000000
2, 20.80, 300.000000
2, 20.20, 100.000000
2, 20.10, 100.000000
2, 20.00, 100.000000
2, 19.51, 100.000000
2, 19.50, 400.000000
2, 18.50, 300.000000
2, 18.00, 200.000000
2, 16.00, 100.000000
2, 10.50, 500.000000
2, 10.01, 300.000000
@, 20.80, 22.35
1, 34.68, 400.000000
1, 34.50, 400.000000
1, 33.50, 300.000000
1, 32.00, 300.000000
1, 31.50, 1000.000000
1, 30.40, 100.000000
1, 30.00, 400.000000
1, 29.98, 500.000000
1, 29.90, 100.000000
1, 29.65, 200.000000
1, 27.98, 100.000000
1, 24.98, 100.000000
1, 23.90, 500.000000
1, 22.96, 200.000000
1, 22.90, 300.000000
1, 22.35, 100.000000
2, 20.80, 300.000000
2, 20.20, 100.000000
2, 20.10, 100.000000
2, 20.00, 100.000000
2, 19.51, 100.000000
2, 19.50, 400.000000
2, 18.50, 300.000000
2, 18.00, 200.000000
2, 16.00, 100.000000
2, 10.50, 500.000000
2, 10.01, 300.000000
@, 20.80, 22.35
1, 34.68, 400.000000
1, 34.50, 400.000000
1, 33.50, 300.000000
1, 32.00, 300.000000
1, 31.50, 1000.000000
1, 30.40, 100.000000
1, 30.00, 400.000000
1, 29.98, 500.000000
1, 29.90, 100.000000
1, 29.65, 200.000000
1, 27.98, 100.000000
1, 24.98, 100.000000
1, 23.90, 500.000000
1, 22.96, 200.000000
1, 22.90, 300.000000
1, 22.35, 100.000000
2, 20.80, 300.000000
2, 20.20, 100.000000
2, 20.10, 100.000000
2, 20.00, 100.000000
2, 19.51, 100.000000
2, 19.50, 400.000000
2, 18.50, 300.000000
2, 18.00, 200.000000
2, 16.00, 100.000000
2, 10.50, 500.000000
2, 10.01, 300.000000
@, 20.80, 22.35
1, 34.68, 400.000000
1, 34.50, 400.000000
1, 33.50, 300.000000
1, 32.00, 300.000000
1, 31.50, 1000.000000
1, 30.40, 100.000000
1, 30.00, 400.000000
1, 29.98, 500.000000
1, 29.90, 100.000000
1, 29.65, 200.000000
1, 27.98, 100.000000
1, 24.98, 100.000000
1, 23.90, 500.000000
1, 22.96, 200.000000
1, 22.90, 300.000000
1, 22.35, 100.000000
2, 20.80, 300.000000
2, 20.20, 100.000000
2, 20.10, 100.000000
2, 20.00, 100.000000
2, 19.51, 100.000000
2, 19.50, 400.000000
2, 18.50, 300.000000
2, 18.00, 200.000000
2, 16.00, 100.000000
2, 10.50, 500.000000
2, 10.01, 300.000000
@, 20.80, 22.35
1, 34.68, 400.000000
1, 34.50, 400.000000
1, 33.50, 300.000000
1, 32.00, 300.000000
1, 31.50, 1000.000000
1, 30.40, 100.000000
1, 30.00, 400.000000
1, 29.98, 500.000000
1, 29.90, 100.000000
1, 29.65, 200.000000
1, 27.98, 100.000000
1, 24.98, 100.000000
1, 23.90, 500.000000
1, 22.96, 200.000000
1, 22.90, 300.000000
1, 22.35, 100.000000
2, 20.80, 300.000000
2, 20.20, 100.000000
2, 20.10, 100.000000
2, 20.00, 100.000000
2, 19.51, 100.000000
2, 19.50, 400.000000
2, 18.50, 300.000000
2, 18.00, 200.000000
2, 16.00, 100.000000
2, 10.50, 500.000000
2, 10.01, 300.000000
@, 20.80, 22.35
1, 34.68, 400.000000
1, 34.50, 400.000000
1, 33.50, 300.000000
1, 32.00, 300.000000
1, 31.50, 1000.000000
1, 30.40, 100.000000
1, 30.00, 400.000000
1, 29.98, 500.000000
1, 29.90, 100.000000
1, 29.65, 200.000000
1, 27.98, 100.000000
1, 24.98, 100.000000
1, 23.90, 500.000000
1, 22.96, 200.000000
1, 22.90, 300.000000
1, 22.35, 100.000000
2, 20.80, 300.000000
2, 20.20, 100.000000
2, 20.10, 100.000000
2, 20.00, 100.000000
2, 19.51, 100.000000
2, 19.50, 400.000000
2, 18.50, 300.000000
2, 18.00, 200.000000
2, 16.00, 100.000000
2, 10.50, 500.000000
2, 10.01, 300.000000
@, 20.80, 22.35
1, 34.68, 400.000000
1, 34.50, 400.000000
1, 33.50, 300.000000
1, 32.00, 300.000000
1, 31.50, 1000.000000
1, 30.40, 100.000000
1, 30.00, 400.000000
1, 29.98, 500.000000
1, 29.90, 100.000000
1, 29.65, 200.000000
1, 27.98, 100.000000
1, 24.98, 100.000000
1, 23.90, 500.000000
1, 22.96, 200.000000
1, 22.90, 300.000000
1, 22.35, 100.000000
2, 20.80, 300.000000
2, 20.20, 100.000000
2, 20.10, 100.000000
2, 20.00, 100.000000
2, 19.51, 100.000000
2, 19.50, 400.000000
2, 18.50, 300.000000
2, 18.00, 200.000000
2, 16.00, 100.000000
2, 10.50, 500.000000
2, 10.01, 300.000000
@