, 19.51, 23.00
1, 50.00, 100.000000
1, 40.86, 200.000000
1, 36.00, 500.000000
1, 29.90, 100.000000
1, 29.50, 400.000000
1, 28.00, 400.000000
1, 26.99, 100.000000
1, 25.00, 100.000000
1, 23.49, 100.000000
1, 23.00, 200.000000
2, 19.51, 100.000000
2, 19.50, 100.000000
2, 18.70, 300.000000
2, 18.00, 100.000000
2, 16.00, 400.000000
@, 19.51, 23.00
1, 50.00, 100.000000
1, 40.86, 200.000000
1, 36.00, 500.000000
1, 29.90, 100.000000
1, 29.50, 400.000000
1, 28.00, 400.000000
1, 26.99, 100.000000
1, 25.00, 100.000000
1, 23.49, 100.000000
1, 23.00, 200.000000
2, 19.51, 100.000000
2, 19.50, 100.000000
2, 18.70, 300.000000
2, 18.00, 100.000000
2, 16.00, 400.000000
@, 19.51, 23.00
1, 50.00, 100.000000
1, 40.86, 200.000000
1, 36.00, 500.000000
1, 29.90, 100.000000
1, 29.50, 400.000000
1, 28.00, 400.000000
1, 26.99, 100.000000
1, 25.00, 100.000000
1, 23.49, 100.000000
1, 23.00, 200.000000
2, 19.51, 100.000000
2, 19.50, 100.000000
2, 18.70, 300.000000
2, 18.00, 100.000000
2, 16.00, 400.000000
@, 19.51, 23.00
1, 50.00, 100.000000
1, 40.86, 200.000000
1, 36.00, 500.000000
1, 29.90, 100.000000
1, 29.50, 400.000000
1, 28.00, 400.000000
1, 26.99, 100.000000
1, 25.00, 100.000000
1, 23.49, 100.000000
1, 23.00, 200.000000
2, 19.51, 100.000000
2, 19.50, 100.000000
2, 18.70, 300.000000
2, 18.00, 100.000000
2, 16.00, 400.000000
@, 19.51, 23.00
1, 50.00, 100.000000
1, 40.86, 200.000000
1, 36.00, 500.000000
1, 29.90, 100.000000
1, 29.50, 400.000000
1, 28.00, 400.000000
1, 26.99, 100.000000
1, 25.00, 100.000000
1, 23.49, 100.000000
1, 23.00, 200.000000
2, 19.51, 100.000000
2, 19.50, 100.000000
2, 18.70, 300.000000
2, 18.00, 100.000000
2, 16.00, 400.000000
@, 19.51, 23.00
1, 50.00, 100.000000
1, 40.86, 200.000000
1, 36.00, 500.000000
1, 29.90, 100.000000
1, 29.50, 400.000000
1, 28.00, 400.000000
1, 26.99, 100.000000
1, 25.00, 100.000000
1, 23.49, 100.000000
1, 23.00, 200.000000
2, 19.51, 100.000000
2, 19.50, 100.000000
2, 18.70, 300.000000
2, 18.00, 100.000000
2, 16.00, 400.000000
@, 19.51, 23.00
1, 50.00, 100.000000
1, 40.86, 200.000000
1, 36.00, 500.000000
1, 29.90, 100.000000
1, 29.50, 400.000000
1, 28.00, 400.000000
1, 26.99, 100.000000
1, 25.00, 100.000000
1, 23.49, 100.000000
1, 23.00, 200.000000
2, 19.51, 100.000000
2, 19.50, 100.000000
2, 18.70, 300.000000
2, 18.00, 100.000000
2, 16.00, 400.000000
@, 19.51, 23.00
1, 50.00, 100.000000
1, 40.86, 200.000000
1, 36.00, 500.000000
1, 29.90, 100.000000
1, 29.50, 400.000000
1, 28.00, 400.000000
1, 26.99, 100.000000
1, 25.00, 100.000000
1, 23.49, 100.000000
1, 23.00, 200.000000
2, 19.51, 100.000000
2, 19.50, 100.000000
2, 18.70, 300.000000
2, 18.00, 100.000000
2, 16.00, 400.000000
@, 19.51, 23.00
1, 50.00, 100.000000
1, 40.86, 200.000000
1, 36.00, 500.000000
1, 29.90, 100.000000
1, 29.50, 400.000000
1, 28.00, 400.000000
1, 26.99, 100.000000
1, 25.00, 100.000000
1, 23.49, 100.000000
1, 23.00, 200.000000
2, 19.51, 100.000000
2, 19.50, 100.000000
2, 18.70, 300.000000
2, 18.00, 100.000000
2, 16.00, 400.000000
@, 19.51, 23.00
1, 50.00, 100.000000
1, 40.86, 200.000000
1, 36.00, 500.000000
1, 29.90, 100.000000
1, 29.50, 400.000000
1, 28.00, 400.000000
1, 26.99, 100.000000
1, 25.00, 100.000000
1, 23.49, 100.000000
1, 23.00, 200.000000
2, 19.51, 100.000000
2, 19.50, 100.000000
2, 18.70, 300.000000
2, 18.00, 100.000000
2, 16.00, 400.000000
@