, 86.00, 91.00
1, 150.00, 1000.000000
1, 100.00, 800.000000
1, 99.99, 200.000000
1, 98.99, 100.000000
1, 98.00, 100.000000
1, 95.60, 100.000000
1, 93.88, 100.000000
1, 93.87, 100.000000
1, 91.50, 800.000000
1, 91.44, 100.000000
1, 91.30, 100.000000
1, 91.00, 100.000000
2, 86.00, 100.000000
2, 84.51, 100.000000
2, 84.50, 100.000000
2, 84.01, 200.000000
2, 84.00, 100.000000
2, 82.81, 200.000000
2, 82.60, 500.000000
2, 82.52, 1000.000000
2, 75.55, 100.000000
2, 70.00, 100.000000
@, 86.00, 91.00
1, 150.00, 1000.000000
1, 100.00, 800.000000
1, 99.99, 200.000000
1, 98.99, 100.000000
1, 98.00, 100.000000
1, 95.60, 100.000000
1, 93.88, 100.000000
1, 93.87, 100.000000
1, 91.50, 800.000000
1, 91.44, 100.000000
1, 91.30, 100.000000
1, 91.00, 100.000000
2, 86.00, 100.000000
2, 84.51, 100.000000
2, 84.50, 100.000000
2, 84.01, 200.000000
2, 84.00, 100.000000
2, 82.81, 200.000000
2, 82.60, 500.000000
2, 82.52, 1000.000000
2, 75.55, 100.000000
2, 70.00, 100.000000
@, 86.00, 91.00
1, 150.00, 1000.000000
1, 100.00, 800.000000
1, 99.99, 200.000000
1, 98.99, 100.000000
1, 98.00, 100.000000
1, 95.60, 100.000000
1, 93.88, 100.000000
1, 93.87, 100.000000
1, 91.50, 800.000000
1, 91.44, 100.000000
1, 91.30, 100.000000
1, 91.00, 100.000000
2, 86.00, 100.000000
2, 84.51, 100.000000
2, 84.50, 100.000000
2, 84.01, 200.000000
2, 84.00, 100.000000
2, 82.81, 200.000000
2, 82.60, 500.000000
2, 82.52, 1000.000000
2, 75.55, 100.000000
2, 70.00, 100.000000
@, 86.00, 91.00
1, 150.00, 1000.000000
1, 100.00, 800.000000
1, 99.99, 200.000000
1, 98.99, 100.000000
1, 98.00, 100.000000
1, 95.60, 100.000000
1, 93.88, 100.000000
1, 93.87, 100.000000
1, 91.50, 800.000000
1, 91.44, 100.000000
1, 91.30, 100.000000
1, 91.00, 100.000000
2, 86.00, 100.000000
2, 84.51, 100.000000
2, 84.50, 100.000000
2, 84.01, 200.000000
2, 84.00, 100.000000
2, 82.81, 200.000000
2, 82.60, 500.000000
2, 82.52, 1000.000000
2, 75.55, 100.000000
2, 70.00, 100.000000
@, 86.00, 91.00
1, 150.00, 1000.000000
1, 100.00, 800.000000
1, 99.99, 200.000000
1, 98.99, 100.000000
1, 98.00, 100.000000
1, 95.60, 100.000000
1, 93.88, 100.000000
1, 93.87, 100.000000
1, 91.50, 800.000000
1, 91.44, 100.000000
1, 91.30, 100.000000
1, 91.00, 100.000000
2, 86.00, 100.000000
2, 84.51, 100.000000
2, 84.50, 100.000000
2, 84.01, 200.000000
2, 84.00, 100.000000
2, 82.81, 200.000000
2, 82.60, 500.000000
2, 82.52, 1000.000000
2, 75.55, 100.000000
2, 70.00, 100.000000
@, 86.00, 91.00
1, 150.00, 1000.000000
1, 100.00, 800.000000
1, 99.99, 200.000000
1, 98.99, 100.000000
1, 98.00, 100.000000
1, 95.60, 100.000000
1, 93.88, 100.000000
1, 93.87, 100.000000
1, 91.50, 800.000000
1, 91.44, 100.000000
1, 91.30, 100.000000
1, 91.00, 100.000000
2, 86.00, 100.000000
2, 84.51, 100.000000
2, 84.50, 100.000000
2, 84.01, 200.000000
2, 84.00, 100.000000
2, 82.81, 200.000000
2, 82.60, 500.000000
2, 82.52, 1000.000000
2, 75.55, 100.000000
2, 70.00, 100.000000
@, 86.00, 91.00
1, 150.00, 1000.000000
1, 100.00, 800.000000
1, 99.99, 200.000000
1, 98.99, 100.000000
1, 98.00, 100.000000
1, 95.60, 100.000000
1, 93.88, 100.000000
1, 93.87, 100.000000
1, 91.50, 800.000000
1, 91.44, 100.000000
1, 91.30, 100.000000
1, 91.00, 100.000000
2, 86.00, 100.000000
2, 84.51, 100.000000
2, 84.50, 100.000000
2, 84.01, 200.000000
2, 84.00, 100.000000
2, 82.81, 200.000000
2, 82.60, 500.000000
2, 82.52, 1000.000000
2, 75.55, 100.000000
2, 70.00, 100.000000
@, 86.00, 91.00
1, 150.00, 1000.000000
1, 100.00, 800.000000
1, 99.99, 200.000000
1, 98.99, 100.000000
1, 98.00, 100.000000
1, 95.60, 100.000000
1, 93.88, 100.000000
1, 93.87, 100.000000
1, 91.50, 800.000000
1, 91.44, 100.000000
1, 91.30, 100.000000
1, 91.00, 100.000000
2, 86.00, 100.000000
2, 84.51, 100.000000
2, 84.50, 100.000000
2, 84.01, 200.000000
2, 84.00, 100.000000
2, 82.81, 200.000000
2, 82.60, 500.000000
2, 82.52, 1000.000000
2, 75.55, 100.000000
2, 70.00, 100.000000
@, 86.00, 91.00
1, 150.00, 1000.000000
1, 100.00, 800.000000
1, 99.99, 200.000000
1, 98.99, 100.000000
1, 98.00, 100.000000
1, 95.60, 100.000000
1, 93.88, 100.000000
1, 93.87, 100.000000
1, 91.50, 800.000000
1, 91.44, 100.000000
1, 91.30, 100.000000
1, 91.00, 100.000000
2, 86.00, 100.000000
2, 84.51, 100.000000
2, 84.50, 100.000000
2, 84.01, 200.000000
2, 84.00, 100.000000
2, 82.81, 200.000000
2, 82.60, 500.000000
2, 82.52, 1000.000000
2, 75.55, 100.000000
2, 70.00, 100.000000
@, 86.00, 91.00
1, 150.00, 1000.000000
1, 100.00, 800.000000
1, 99.99, 200.000000
1, 98.99, 100.000000
1, 98.00, 100.000000
1, 95.60, 100.000000
1, 93.88, 100.000000
1, 93.87, 100.000000
1, 91.50, 800.000000
1, 91.44, 100.000000
1, 91.30, 100.000000
1, 91.00, 100.000000
2, 86.00, 100.000000
2, 84.51, 100.000000
2, 84.50, 100.000000
2, 84.01, 200.000000
2, 84.00, 100.000000
2, 82.81, 200.000000
2, 82.60, 500.000000
2, 82.52, 1000.000000
2, 75.55, 100.000000
2, 70.00, 100.000000
@