, 33.51, 34.49
1, 38.98, 100.000000
1, 34.99, 100.000000
1, 34.49, 100.000000
2, 33.51, 100.000000
2, 33.01, 100.000000
2, 32.52, 100.000000
2, 32.51, 100.000000
2, 32.01, 100.000000
2, 31.51, 100.000000
2, 31.15, 100.000000
2, 31.01, 100.000000
2, 30.51, 100.000000
2, 30.01, 100.000000
2, 29.01, 100.000000
2, 28.01, 100.000000
2, 27.01, 100.000000
2, 26.01, 100.000000
2, 24.51, 100.000000
@, 33.51, 34.49
1, 38.98, 100.000000
1, 34.99, 100.000000
1, 34.49, 100.000000
2, 33.51, 100.000000
2, 33.01, 100.000000
2, 32.52, 100.000000
2, 32.51, 100.000000
2, 32.01, 100.000000
2, 31.51, 100.000000
2, 31.15, 100.000000
2, 31.01, 100.000000
2, 30.51, 100.000000
2, 30.01, 100.000000
2, 29.01, 100.000000
2, 28.01, 100.000000
2, 27.01, 100.000000
2, 26.01, 100.000000
2, 24.51, 100.000000
@, 33.51, 34.49
1, 38.98, 100.000000
1, 34.99, 100.000000
1, 34.49, 100.000000
2, 33.51, 100.000000
2, 33.01, 100.000000
2, 32.52, 100.000000
2, 32.51, 100.000000
2, 32.01, 100.000000
2, 31.51, 100.000000
2, 31.15, 100.000000
2, 31.01, 100.000000
2, 30.51, 100.000000
2, 30.01, 100.000000
2, 29.01, 100.000000
2, 28.01, 100.000000
2, 27.01, 100.000000
2, 26.01, 100.000000
2, 24.51, 100.000000
@, 33.51, 34.49
1, 38.98, 100.000000
1, 34.99, 100.000000
1, 34.49, 100.000000
2, 33.51, 100.000000
2, 33.01, 100.000000
2, 32.52, 100.000000
2, 32.51, 100.000000
2, 32.01, 100.000000
2, 31.51, 100.000000
2, 31.15, 100.000000
2, 31.01, 100.000000
2, 30.51, 100.000000
2, 30.01, 100.000000
2, 29.01, 100.000000
2, 28.01, 100.000000
2, 27.01, 100.000000
2, 26.01, 100.000000
2, 24.51, 100.000000
@, 33.51, 34.49
1, 38.98, 100.000000
1, 34.99, 100.000000
1, 34.49, 100.000000
2, 33.51, 100.000000
2, 33.01, 100.000000
2, 32.52, 100.000000
2, 32.51, 100.000000
2, 32.01, 100.000000
2, 31.51, 100.000000
2, 31.15, 100.000000
2, 31.01, 100.000000
2, 30.51, 100.000000
2, 30.01, 100.000000
2, 29.01, 100.000000
2, 28.01, 100.000000
2, 27.01, 100.000000
2, 26.01, 100.000000
2, 24.51, 100.000000
@, 33.51, 34.49
1, 38.98, 100.000000
1, 34.99, 100.000000
1, 34.49, 100.000000
2, 33.51, 100.000000
2, 33.01, 100.000000
2, 32.52, 100.000000
2, 32.51, 100.000000
2, 32.01, 100.000000
2, 31.51, 100.000000
2, 31.15, 100.000000
2, 31.01, 100.000000
2, 30.51, 100.000000
2, 30.01, 100.000000
2, 29.01, 100.000000
2, 28.01, 100.000000
2, 27.01, 100.000000
2, 26.01, 100.000000
2, 24.51, 100.000000
@, 33.51, 34.49
1, 38.98, 100.000000
1, 34.99, 100.000000
1, 34.49, 100.000000
2, 33.51, 100.000000
2, 33.01, 100.000000
2, 32.52, 100.000000
2, 32.51, 100.000000
2, 32.01, 100.000000
2, 31.51, 100.000000
2, 31.15, 100.000000
2, 31.01, 100.000000
2, 30.51, 100.000000
2, 30.01, 100.000000
2, 29.01, 100.000000
2, 28.01, 100.000000
2, 27.01, 100.000000
2, 26.01, 100.000000
2, 24.51, 100.000000
@, 33.51, 34.49
1, 38.98, 100.000000
1, 34.99, 100.000000
1, 34.49, 100.000000
2, 33.51, 100.000000
2, 33.01, 100.000000
2, 32.52, 100.000000
2, 32.51, 100.000000
2, 32.01, 100.000000
2, 31.51, 100.000000
2, 31.15, 100.000000
2, 31.01, 100.000000
2, 30.51, 100.000000
2, 30.01, 100.000000
2, 29.01, 100.000000
2, 28.01, 100.000000
2, 27.01, 100.000000
2, 26.01, 100.000000
2, 24.51, 100.000000
@, 33.51, 34.49
1, 38.98, 100.000000
1, 34.99, 100.000000
1, 34.49, 100.000000
2, 33.51, 100.000000
2, 33.01, 100.000000
2, 32.52, 100.000000
2, 32.51, 100.000000
2, 32.01, 100.000000
2, 31.51, 100.000000
2, 31.15, 100.000000
2, 31.01, 100.000000
2, 30.51, 100.000000
2, 30.01, 100.000000
2, 29.01, 100.000000
2, 28.01, 100.000000
2, 27.01, 100.000000
2, 26.01, 100.000000
2, 24.51, 100.000000
@, 33.51, 34.49
1, 38.98, 100.000000
1, 34.99, 100.000000
1, 34.49, 100.000000
2, 33.51, 100.000000
2, 33.01, 100.000000
2, 32.52, 100.000000
2, 32.51, 100.000000
2, 32.01, 100.000000
2, 31.51, 100.000000
2, 31.15, 100.000000
2, 31.01, 100.000000
2, 30.51, 100.000000
2, 30.01, 100.000000
2, 29.01, 100.000000
2, 28.01, 100.000000
2, 27.01, 100.000000
2, 26.01, 100.000000
2, 24.51, 100.000000
@