, 22.20, 24.29
1, 29.99, 400.000000
1, 25.00, 100.000000
1, 24.30, 900.000000
1, 24.29, 200.000000
2, 22.20, 100.000000
2, 22.01, 100.000000
2, 21.51, 200.000000
2, 21.01, 200.000000
2, 20.01, 200.000000
@, 22.20, 24.29
1, 29.99, 400.000000
1, 25.00, 100.000000
1, 24.30, 900.000000
1, 24.29, 200.000000
2, 22.20, 100.000000
2, 22.01, 100.000000
2, 21.51, 200.000000
2, 21.01, 200.000000
2, 20.01, 200.000000
@, 22.20, 24.29
1, 29.99, 400.000000
1, 25.00, 100.000000
1, 24.30, 900.000000
1, 24.29, 200.000000
2, 22.20, 100.000000
2, 22.01, 100.000000
2, 21.51, 200.000000
2, 21.01, 200.000000
2, 20.01, 200.000000
@, 22.20, 24.29
1, 29.99, 400.000000
1, 25.00, 100.000000
1, 24.30, 900.000000
1, 24.29, 200.000000
2, 22.20, 100.000000
2, 22.01, 100.000000
2, 21.51, 200.000000
2, 21.01, 200.000000
2, 20.01, 200.000000
@, 22.20, 24.29
1, 29.99, 400.000000
1, 25.00, 100.000000
1, 24.30, 900.000000
1, 24.29, 200.000000
2, 22.20, 100.000000
2, 22.01, 100.000000
2, 21.51, 200.000000
2, 21.01, 200.000000
2, 20.01, 200.000000
@, 22.20, 24.29
1, 29.99, 400.000000
1, 25.00, 100.000000
1, 24.30, 900.000000
1, 24.29, 200.000000
2, 22.20, 100.000000
2, 22.01, 100.000000
2, 21.51, 200.000000
2, 21.01, 200.000000
2, 20.01, 200.000000
@, 22.20, 24.29
1, 29.99, 400.000000
1, 25.00, 100.000000
1, 24.30, 900.000000
1, 24.29, 200.000000
2, 22.20, 100.000000
2, 22.01, 100.000000
2, 21.51, 200.000000
2, 21.01, 200.000000
2, 20.01, 200.000000
@, 22.20, 24.29
1, 29.99, 400.000000
1, 25.00, 100.000000
1, 24.30, 900.000000
1, 24.29, 200.000000
2, 22.20, 100.000000
2, 22.01, 100.000000
2, 21.51, 200.000000
2, 21.01, 200.000000
2, 20.01, 200.000000
@, 22.20, 24.29
1, 29.99, 400.000000
1, 25.00, 100.000000
1, 24.30, 900.000000
1, 24.29, 200.000000
2, 22.20, 100.000000
2, 22.01, 100.000000
2, 21.51, 200.000000
2, 21.01, 200.000000
2, 20.01, 200.000000
@, 22.20, 24.29
1, 29.99, 400.000000
1, 25.00, 100.000000
1, 24.30, 900.000000
1, 24.29, 200.000000
2, 22.20, 100.000000
2, 22.01, 100.000000
2, 21.51, 200.000000
2, 21.01, 200.000000
2, 20.01, 200.000000
@