, 73.16, 73.17
1, 73.40, 100.000000
1, 73.39, 100.000000
1, 73.38, 200.000000
1, 73.36, 300.000000
1, 73.35, 400.000000
1, 73.34, 200.000000
1, 73.32, 300.000000
1, 73.30, 200.000000
1, 73.29, 800.000000
1, 73.28, 200.000000
1, 73.25, 200.000000
1, 73.23, 1500.000000
1, 73.21, 300.000000
1, 73.19, 200.000000
1, 73.18, 600.000000
1, 73.17, 400.000000
2, 73.16, 500.000000
2, 73.15, 1400.000000
2, 73.14, 200.000000
2, 73.13, 100.000000
2, 73.12, 600.000000
2, 73.11, 400.000000
2, 73.10, 3300.000000
2, 73.09, 400.000000
2, 73.08, 700.000000
2, 73.06, 500.000000
2, 73.05, 200.000000
2, 73.04, 300.000000
2, 73.03, 500.000000
2, 73.02, 600.000000
2, 73.01, 300.000000
@, 73.15, 73.17
1, 73.41, 200.000000
1, 73.40, 100.000000
1, 73.39, 100.000000
1, 73.38, 200.000000
1, 73.36, 300.000000
1, 73.35, 400.000000
1, 73.34, 200.000000
1, 73.32, 300.000000
1, 73.30, 200.000000
1, 73.29, 800.000000
1, 73.28, 200.000000
1, 73.25, 200.000000
1, 73.23, 1500.000000
1, 73.20, 300.000000
1, 73.19, 200.000000
1, 73.17, 200.000000
2, 73.15, 1200.000000
2, 73.14, 200.000000
2, 73.13, 100.000000
2, 73.12, 600.000000
2, 73.11, 400.000000
2, 73.10, 3300.000000
2, 73.09, 400.000000
2, 73.08, 700.000000
2, 73.06, 500.000000
2, 73.05, 200.000000
2, 73.04, 300.000000
2, 73.03, 500.000000
2, 73.02, 600.000000
2, 73.01, 300.000000
2, 73.00, 11200.000000
@, 73.15, 73.16
1, 73.40, 100.000000
1, 73.39, 100.000000
1, 73.38, 200.000000
1, 73.36, 300.000000
1, 73.35, 400.000000
1, 73.34, 200.000000
1, 73.32, 300.000000
1, 73.30, 200.000000
1, 73.29, 800.000000
1, 73.28, 200.000000
1, 73.25, 200.000000
1, 73.23, 1500.000000
1, 73.22, 200.000000
1, 73.20, 300.000000
1, 73.19, 200.000000
1, 73.16, 300.000000
2, 73.15, 1100.000000
2, 73.14, 300.000000
2, 73.13, 100.000000
2, 73.12, 600.000000
2, 73.11, 400.000000
2, 73.10, 3300.000000
2, 73.09, 400.000000
2, 73.08, 700.000000
2, 73.06, 500.000000
2, 73.05, 200.000000
2, 73.04, 300.000000
2, 73.03, 500.000000
2, 73.02, 600.000000
2, 73.01, 300.000000
2, 73.00, 11200.000000
@, 73.15, 73.18
1, 73.40, 100.000000
1, 73.39, 100.000000
1, 73.38, 200.000000
1, 73.36, 300.000000
1, 73.35, 400.000000
1, 73.34, 200.000000
1, 73.32, 300.000000
1, 73.30, 200.000000
1, 73.29, 800.000000
1, 73.28, 200.000000
1, 73.25, 200.000000
1, 73.23, 1500.000000
1, 73.21, 100.000000
1, 73.20, 600.000000
1, 73.19, 100.000000
1, 73.18, 300.000000
2, 73.15, 700.000000
2, 73.14, 300.000000
2, 73.13, 300.000000
2, 73.12, 600.000000
2, 73.11, 400.000000
2, 73.10, 3300.000000
2, 73.09, 400.000000
2, 73.08, 700.000000
2, 73.06, 500.000000
2, 73.05, 200.000000
2, 73.04, 300.000000
2, 73.03, 500.000000
2, 73.02, 600.000000
2, 73.01, 300.000000
2, 73.00, 11200.000000
@, 73.15, 73.18
1, 73.40, 100.000000
1, 73.39, 100.000000
1, 73.38, 200.000000
1, 73.36, 300.000000
1, 73.35, 400.000000
1, 73.34, 200.000000
1, 73.32, 300.000000
1, 73.30, 200.000000
1, 73.29, 800.000000
1, 73.28, 200.000000
1, 73.25, 200.000000
1, 73.23, 1500.000000
1, 73.21, 100.000000
1, 73.20, 600.000000
1, 73.19, 100.000000
1, 73.18, 300.000000
2, 73.15, 700.000000
2, 73.14, 500.000000
2, 73.13, 100.000000
2, 73.12, 600.000000
2, 73.11, 400.000000
2, 73.10, 3300.000000
2, 73.09, 400.000000
2, 73.08, 700.000000
2, 73.06, 500.000000
2, 73.05, 200.000000
2, 73.04, 300.000000
2, 73.03, 500.000000
2, 73.02, 600.000000
2, 73.01, 300.000000
2, 73.00, 11200.000000
@, 73.15, 73.18
1, 73.39, 100.000000
1, 73.38, 200.000000
1, 73.36, 300.000000
1, 73.35, 400.000000
1, 73.34, 200.000000
1, 73.32, 300.000000
1, 73.30, 200.000000
1, 73.29, 800.000000
1, 73.28, 200.000000
1, 73.25, 200.000000
1, 73.23, 1500.000000
1, 73.22, 200.000000
1, 73.21, 100.000000
1, 73.20, 600.000000
1, 73.19, 100.000000
1, 73.18, 300.000000
2, 73.15, 700.000000
2, 73.14, 500.000000
2, 73.13, 100.000000
2, 73.12, 600.000000
2, 73.11, 400.000000
2, 73.10, 3300.000000
2, 73.09, 400.000000
2, 73.08, 700.000000
2, 73.06, 500.000000
2, 73.05, 200.000000
2, 73.04, 300.000000
2, 73.03, 500.000000
2, 73.02, 600.000000
2, 73.01, 300.000000
2, 73.00, 11200.000000
@, 73.15, 73.18
1, 73.39, 100.000000
1, 73.38, 200.000000
1, 73.36, 300.000000
1, 73.35, 400.000000
1, 73.34, 200.000000
1, 73.32, 300.000000
1, 73.30, 200.000000
1, 73.29, 800.000000
1, 73.28, 200.000000
1, 73.25, 200.000000
1, 73.23, 1500.000000
1, 73.22, 200.000000
1, 73.21, 100.000000
1, 73.20, 600.000000
1, 73.19, 100.000000
1, 73.18, 300.000000
2, 73.15, 700.000000
2, 73.14, 500.000000
2, 73.13, 100.000000
2, 73.12, 600.000000
2, 73.11, 400.000000
2, 73.10, 3300.000000
2, 73.09, 400.000000
2, 73.08, 700.000000
2, 73.06, 500.000000
2, 73.05, 200.000000
2, 73.04, 300.000000
2, 73.03, 500.000000
2, 73.02, 600.000000
2, 73.01, 300.000000
2, 73.00, 11200.000000
@, 73.15, 73.18
1, 73.39, 100.000000
1, 73.38, 200.000000
1, 73.36, 300.000000
1, 73.35, 400.000000
1, 73.34, 200.000000
1, 73.32, 300.000000
1, 73.30, 200.000000
1, 73.29, 800.000000
1, 73.28, 200.000000
1, 73.25, 200.000000
1, 73.23, 1500.000000
1, 73.22, 200.000000
1, 73.21, 100.000000
1, 73.20, 600.000000
1, 73.19, 100.000000
1, 73.18, 300.000000
2, 73.15, 700.000000
2, 73.14, 500.000000
2, 73.13, 100.000000
2, 73.12, 600.000000
2, 73.11, 400.000000
2, 73.10, 3300.000000
2, 73.09, 400.000000
2, 73.08, 700.000000
2, 73.06, 500.000000
2, 73.05, 200.000000
2, 73.04, 300.000000
2, 73.03, 500.000000
2, 73.02, 600.000000
2, 73.01, 300.000000
2, 73.00, 11200.000000
@, 73.15, 73.18
1, 73.39, 100.000000
1, 73.38, 200.000000
1, 73.36, 300.000000
1, 73.35, 400.000000
1, 73.34, 200.000000
1, 73.32, 300.000000
1, 73.30, 200.000000
1, 73.29, 800.000000
1, 73.28, 200.000000
1, 73.25, 200.000000
1, 73.23, 1500.000000
1, 73.22, 200.000000
1, 73.21, 100.000000
1, 73.20, 600.000000
1, 73.19, 100.000000
1, 73.18, 300.000000
2, 73.15, 800.000000
2, 73.14, 500.000000
2, 73.13, 100.000000
2, 73.12, 600.000000
2, 73.11, 400.000000
2, 73.10, 3300.000000
2, 73.09, 400.000000
2, 73.08, 700.000000
2, 73.06, 500.000000
2, 73.05, 200.000000
2, 73.04, 300.000000
2, 73.03, 500.000000
2, 73.02, 600.000000
2, 73.01, 300.000000
2, 73.00, 11200.000000
@, 73.15, 73.18
1, 73.40, 100.000000
1, 73.39, 100.000000
1, 73.38, 200.000000
1, 73.36, 300.000000
1, 73.35, 400.000000
1, 73.34, 200.000000
1, 73.32, 300.000000
1, 73.30, 200.000000
1, 73.29, 800.000000
1, 73.28, 200.000000
1, 73.25, 200.000000
1, 73.23, 1500.000000
1, 73.21, 100.000000
1, 73.20, 600.000000
1, 73.19, 100.000000
1, 73.18, 400.000000
2, 73.15, 800.000000
2, 73.14, 500.000000
2, 73.13, 100.000000
2, 73.12, 600.000000
2, 73.11, 400.000000
2, 73.10, 3300.000000
2, 73.09, 400.000000
2, 73.08, 700.000000
2, 73.06, 500.000000
2, 73.05, 200.000000
2, 73.04, 300.000000
2, 73.03, 500.000000
2, 73.02, 600.000000
2, 73.01, 300.000000
2, 73.00, 11200.000000
@