, 10.31, 10.32
1, 10.47, 5000.000000
1, 10.46, 9100.000000
1, 10.45, 60000.000000
1, 10.44, 4900.000000
1, 10.43, 4800.000000
1, 10.42, 12300.000000
1, 10.41, 5600.000000
1, 10.40, 12900.000000
1, 10.39, 6600.000000
1, 10.38, 5400.000000
1, 10.37, 5200.000000
1, 10.36, 5500.000000
1, 10.35, 8000.000000
1, 10.34, 4600.000000
1, 10.33, 33300.000000
1, 10.32, 11200.000000
2, 10.31, 1300.000000
2, 10.30, 3900.000000
2, 10.29, 3100.000000
2, 10.28, 5600.000000
2, 10.27, 8400.000000
2, 10.26, 4000.000000
2, 10.25, 17900.000000
2, 10.24, 5700.000000
2, 10.23, 4800.000000
2, 10.22, 7100.000000
2, 10.21, 6400.000000
2, 10.20, 7300.000000
2, 10.19, 4900.000000
2, 10.18, 7500.000000
2, 10.17, 11200.000000
@, 10.31, 10.32
1, 10.47, 5000.000000
1, 10.46, 9100.000000
1, 10.45, 60000.000000
1, 10.44, 4900.000000
1, 10.43, 4800.000000
1, 10.42, 12300.000000
1, 10.41, 5600.000000
1, 10.40, 12900.000000
1, 10.39, 6600.000000
1, 10.38, 5400.000000
1, 10.37, 5200.000000
1, 10.36, 5500.000000
1, 10.35, 8000.000000
1, 10.34, 4600.000000
1, 10.33, 33300.000000
1, 10.32, 12200.000000
2, 10.31, 1300.000000
2, 10.30, 3900.000000
2, 10.29, 3100.000000
2, 10.28, 5600.000000
2, 10.27, 8400.000000
2, 10.26, 4000.000000
2, 10.25, 17900.000000
2, 10.24, 5700.000000
2, 10.23, 4800.000000
2, 10.22, 7100.000000
2, 10.21, 6400.000000
2, 10.20, 7300.000000
2, 10.19, 4900.000000
2, 10.18, 7500.000000
2, 10.17, 11200.000000
@, 10.31, 10.32
1, 10.47, 5000.000000
1, 10.46, 9100.000000
1, 10.45, 60000.000000
1, 10.44, 4900.000000
1, 10.43, 4800.000000
1, 10.42, 12300.000000
1, 10.41, 5600.000000
1, 10.40, 12900.000000
1, 10.39, 6600.000000
1, 10.38, 5400.000000
1, 10.37, 5200.000000
1, 10.36, 5500.000000
1, 10.35, 8000.000000
1, 10.34, 4600.000000
1, 10.33, 33600.000000
1, 10.32, 12300.000000
2, 10.31, 600.000000
2, 10.30, 3900.000000
2, 10.29, 3100.000000
2, 10.28, 5600.000000
2, 10.27, 8400.000000
2, 10.26, 4000.000000
2, 10.25, 17900.000000
2, 10.24, 5700.000000
2, 10.23, 4800.000000
2, 10.22, 7100.000000
2, 10.21, 6400.000000
2, 10.20, 7300.000000
2, 10.19, 4900.000000
2, 10.18, 7500.000000
2, 10.17, 11200.000000
@, 10.31, 10.32
1, 10.47, 5000.000000
1, 10.46, 9100.000000
1, 10.45, 60000.000000
1, 10.44, 4900.000000
1, 10.43, 4800.000000
1, 10.42, 12300.000000
1, 10.41, 5600.000000
1, 10.40, 12900.000000
1, 10.39, 6600.000000
1, 10.38, 5400.000000
1, 10.37, 5200.000000
1, 10.36, 5500.000000
1, 10.35, 8000.000000
1, 10.34, 4600.000000
1, 10.33, 33600.000000
1, 10.32, 12300.000000
2, 10.31, 600.000000
2, 10.30, 3900.000000
2, 10.29, 3100.000000
2, 10.28, 5600.000000
2, 10.27, 8400.000000
2, 10.26, 4000.000000
2, 10.25, 17900.000000
2, 10.24, 5700.000000
2, 10.23, 4800.000000
2, 10.22, 7100.000000
2, 10.21, 6400.000000
2, 10.20, 7300.000000
2, 10.19, 4900.000000
2, 10.18, 7500.000000
2, 10.17, 11200.000000
@, 10.31, 10.32
1, 10.47, 5000.000000
1, 10.46, 9100.000000
1, 10.45, 60000.000000
1, 10.44, 4900.000000
1, 10.43, 4800.000000
1, 10.42, 12300.000000
1, 10.41, 5600.000000
1, 10.40, 12900.000000
1, 10.39, 6600.000000
1, 10.38, 5400.000000
1, 10.37, 5200.000000
1, 10.36, 5500.000000
1, 10.35, 8000.000000
1, 10.34, 4600.000000
1, 10.33, 33600.000000
1, 10.32, 12300.000000
2, 10.31, 600.000000
2, 10.30, 3900.000000
2, 10.29, 3100.000000
2, 10.28, 5600.000000
2, 10.27, 8400.000000
2, 10.26, 4000.000000
2, 10.25, 17900.000000
2, 10.24, 5700.000000
2, 10.23, 4800.000000
2, 10.22, 7100.000000
2, 10.21, 6400.000000
2, 10.20, 7300.000000
2, 10.19, 4900.000000
2, 10.18, 7500.000000
2, 10.17, 11200.000000
@, 10.31, 10.32
1, 10.47, 5000.000000
1, 10.46, 9100.000000
1, 10.45, 60000.000000
1, 10.44, 4900.000000
1, 10.43, 4800.000000
1, 10.42, 12300.000000
1, 10.41, 5600.000000
1, 10.40, 12900.000000
1, 10.39, 6600.000000
1, 10.38, 5400.000000
1, 10.37, 5200.000000
1, 10.36, 5500.000000
1, 10.35, 8000.000000
1, 10.34, 4600.000000
1, 10.33, 33600.000000
1, 10.32, 12300.000000
2, 10.31, 600.000000
2, 10.30, 3900.000000
2, 10.29, 3100.000000
2, 10.28, 5600.000000
2, 10.27, 8400.000000
2, 10.26, 4000.000000
2, 10.25, 17900.000000
2, 10.24, 5700.000000
2, 10.23, 4800.000000
2, 10.22, 7100.000000
2, 10.21, 6400.000000
2, 10.20, 7300.000000
2, 10.19, 4900.000000
2, 10.18, 7500.000000
2, 10.17, 11200.000000
@, 10.31, 10.32
1, 10.47, 5000.000000
1, 10.46, 9100.000000
1, 10.45, 60000.000000
1, 10.44, 4900.000000
1, 10.43, 4800.000000
1, 10.42, 12300.000000
1, 10.41, 5600.000000
1, 10.40, 12900.000000
1, 10.39, 6600.000000
1, 10.38, 5400.000000
1, 10.37, 5200.000000
1, 10.36, 5500.000000
1, 10.35, 8000.000000
1, 10.34, 4600.000000
1, 10.33, 33300.000000
1, 10.32, 12600.000000
2, 10.31, 600.000000
2, 10.30, 3900.000000
2, 10.29, 3100.000000
2, 10.28, 5600.000000
2, 10.27, 8400.000000
2, 10.26, 4000.000000
2, 10.25, 17900.000000
2, 10.24, 5700.000000
2, 10.23, 4800.000000
2, 10.22, 7100.000000
2, 10.21, 6400.000000
2, 10.20, 7300.000000
2, 10.19, 4900.000000
2, 10.18, 7500.000000
2, 10.17, 11200.000000
@, 10.31, 10.32
1, 10.47, 5000.000000
1, 10.46, 9100.000000
1, 10.45, 60000.000000
1, 10.44, 4900.000000
1, 10.43, 4800.000000
1, 10.42, 12300.000000
1, 10.41, 5600.000000
1, 10.40, 12900.000000
1, 10.39, 6600.000000
1, 10.38, 5400.000000
1, 10.37, 5200.000000
1, 10.36, 5500.000000
1, 10.35, 8000.000000
1, 10.34, 4600.000000
1, 10.33, 33300.000000
1, 10.32, 12600.000000
2, 10.31, 600.000000
2, 10.30, 3900.000000
2, 10.29, 3100.000000
2, 10.28, 5600.000000
2, 10.27, 8400.000000
2, 10.26, 4000.000000
2, 10.25, 17900.000000
2, 10.24, 5700.000000
2, 10.23, 4800.000000
2, 10.22, 7100.000000
2, 10.21, 6400.000000
2, 10.20, 7300.000000
2, 10.19, 4900.000000
2, 10.18, 7500.000000
2, 10.17, 11200.000000
@, 10.31, 10.32
1, 10.47, 5000.000000
1, 10.46, 9100.000000
1, 10.45, 60000.000000
1, 10.44, 4900.000000
1, 10.43, 4800.000000
1, 10.42, 12300.000000
1, 10.41, 5600.000000
1, 10.40, 12900.000000
1, 10.39, 6600.000000
1, 10.38, 5400.000000
1, 10.37, 5200.000000
1, 10.36, 5500.000000
1, 10.35, 8000.000000
1, 10.34, 4600.000000
1, 10.33, 33300.000000
1, 10.32, 12600.000000
2, 10.31, 600.000000
2, 10.30, 3900.000000
2, 10.29, 3100.000000
2, 10.28, 5600.000000
2, 10.27, 8400.000000
2, 10.26, 4000.000000
2, 10.25, 17900.000000
2, 10.24, 5700.000000
2, 10.23, 4800.000000
2, 10.22, 7100.000000
2, 10.21, 6400.000000
2, 10.20, 7300.000000
2, 10.19, 4900.000000
2, 10.18, 7500.000000
2, 10.17, 11200.000000
@, 10.31, 10.32
1, 10.47, 5000.000000
1, 10.46, 9100.000000
1, 10.45, 60000.000000
1, 10.44, 4900.000000
1, 10.43, 4800.000000
1, 10.42, 12300.000000
1, 10.41, 5600.000000
1, 10.40, 12900.000000
1, 10.39, 6600.000000
1, 10.38, 5400.000000
1, 10.37, 5200.000000
1, 10.36, 5500.000000
1, 10.35, 8000.000000
1, 10.34, 4600.000000
1, 10.33, 33300.000000
1, 10.32, 12600.000000
2, 10.31, 600.000000
2, 10.30, 3900.000000
2, 10.29, 3100.000000
2, 10.28, 5600.000000
2, 10.27, 8400.000000
2, 10.26, 4000.000000
2, 10.25, 17900.000000
2, 10.24, 5700.000000
2, 10.23, 4800.000000
2, 10.22, 7100.000000
2, 10.21, 6400.000000
2, 10.20, 7300.000000
2, 10.19, 4900.000000
2, 10.18, 7500.000000
2, 10.17, 11200.000000
@