, 29.84, 29.85
1, 30.00, 2800.000000
1, 29.99, 1000.000000
1, 29.98, 1600.000000
1, 29.97, 1300.000000
1, 29.96, 1700.000000
1, 29.95, 20900.000000
1, 29.94, 12000.000000
1, 29.93, 900.000000
1, 29.92, 3100.000000
1, 29.91, 1300.000000
1, 29.90, 2500.000000
1, 29.89, 1500.000000
1, 29.88, 1900.000000
1, 29.87, 600.000000
1, 29.86, 400.000000
1, 29.85, 900.000000
2, 29.84, 1200.000000
2, 29.83, 1600.000000
2, 29.82, 2800.000000
2, 29.81, 11900.000000
2, 29.80, 14300.000000
2, 29.79, 12300.000000
2, 29.78, 2500.000000
2, 29.77, 1200.000000
2, 29.76, 5400.000000
2, 29.75, 15500.000000
2, 29.74, 1800.000000
2, 29.73, 11100.000000
2, 29.72, 3700.000000
2, 29.71, 2900.000000
2, 29.70, 4300.000000
@, 29.84, 29.85
1, 30.00, 2800.000000
1, 29.99, 1000.000000
1, 29.98, 1600.000000
1, 29.97, 1300.000000
1, 29.96, 1700.000000
1, 29.95, 20900.000000
1, 29.94, 12000.000000
1, 29.93, 900.000000
1, 29.92, 3100.000000
1, 29.91, 1400.000000
1, 29.90, 2500.000000
1, 29.89, 1500.000000
1, 29.88, 1900.000000
1, 29.87, 600.000000
1, 29.86, 400.000000
1, 29.85, 800.000000
2, 29.84, 600.000000
2, 29.83, 2000.000000
2, 29.82, 2800.000000
2, 29.81, 11900.000000
2, 29.80, 14300.000000
2, 29.79, 12300.000000
2, 29.78, 2500.000000
2, 29.77, 1200.000000
2, 29.76, 5400.000000
2, 29.75, 15300.000000
2, 29.74, 1800.000000
2, 29.73, 11100.000000
2, 29.72, 3700.000000
2, 29.71, 2900.000000
2, 29.70, 4300.000000
@, 29.84, 29.85
1, 30.00, 2800.000000
1, 29.99, 1000.000000
1, 29.98, 1600.000000
1, 29.97, 1300.000000
1, 29.96, 1700.000000
1, 29.95, 20900.000000
1, 29.94, 12000.000000
1, 29.93, 900.000000
1, 29.92, 3100.000000
1, 29.91, 1400.000000
1, 29.90, 2500.000000
1, 29.89, 1500.000000
1, 29.88, 1900.000000
1, 29.87, 600.000000
1, 29.86, 200.000000
1, 29.85, 800.000000
2, 29.84, 600.000000
2, 29.83, 2000.000000
2, 29.82, 2800.000000
2, 29.81, 11900.000000
2, 29.80, 14300.000000
2, 29.79, 12300.000000
2, 29.78, 2500.000000
2, 29.77, 1200.000000
2, 29.76, 5400.000000
2, 29.75, 15300.000000
2, 29.74, 1800.000000
2, 29.73, 11100.000000
2, 29.72, 3700.000000
2, 29.71, 2900.000000
2, 29.70, 4300.000000
@, 29.84, 29.85
1, 30.00, 2800.000000
1, 29.99, 1000.000000
1, 29.98, 1600.000000
1, 29.97, 1300.000000
1, 29.96, 1700.000000
1, 29.95, 20900.000000
1, 29.94, 12000.000000
1, 29.93, 900.000000
1, 29.92, 3100.000000
1, 29.91, 1400.000000
1, 29.90, 2500.000000
1, 29.89, 1500.000000
1, 29.88, 1900.000000
1, 29.87, 600.000000
1, 29.86, 200.000000
1, 29.85, 800.000000
2, 29.84, 600.000000
2, 29.83, 2000.000000
2, 29.82, 2800.000000
2, 29.81, 11900.000000
2, 29.80, 14300.000000
2, 29.79, 12300.000000
2, 29.78, 2500.000000
2, 29.77, 1200.000000
2, 29.76, 5400.000000
2, 29.75, 15300.000000
2, 29.74, 1800.000000
2, 29.73, 11100.000000
2, 29.72, 3700.000000
2, 29.71, 2900.000000
2, 29.70, 4300.000000
@, 29.84, 29.85
1, 30.00, 2800.000000
1, 29.99, 1000.000000
1, 29.98, 1600.000000
1, 29.97, 1300.000000
1, 29.96, 1700.000000
1, 29.95, 20900.000000
1, 29.94, 12000.000000
1, 29.93, 900.000000
1, 29.92, 3100.000000
1, 29.91, 1400.000000
1, 29.90, 2500.000000
1, 29.89, 1500.000000
1, 29.88, 1900.000000
1, 29.87, 600.000000
1, 29.86, 800.000000
1, 29.85, 800.000000
2, 29.84, 700.000000
2, 29.83, 2000.000000
2, 29.82, 2800.000000
2, 29.81, 11900.000000
2, 29.80, 14300.000000
2, 29.79, 12300.000000
2, 29.78, 2500.000000
2, 29.77, 1200.000000
2, 29.76, 5400.000000
2, 29.75, 15300.000000
2, 29.74, 1800.000000
2, 29.73, 11100.000000
2, 29.72, 3700.000000
2, 29.71, 2900.000000
2, 29.70, 4300.000000
@, 29.84, 29.85
1, 30.00, 2800.000000
1, 29.99, 1000.000000
1, 29.98, 1600.000000
1, 29.97, 1300.000000
1, 29.96, 1700.000000
1, 29.95, 20900.000000
1, 29.94, 12000.000000
1, 29.93, 900.000000
1, 29.92, 3100.000000
1, 29.91, 1400.000000
1, 29.90, 2500.000000
1, 29.89, 1500.000000
1, 29.88, 1900.000000
1, 29.87, 600.000000
1, 29.86, 800.000000
1, 29.85, 900.000000
2, 29.84, 700.000000
2, 29.83, 2000.000000
2, 29.82, 2800.000000
2, 29.81, 11900.000000
2, 29.80, 14300.000000
2, 29.79, 12300.000000
2, 29.78, 2500.000000
2, 29.77, 1200.000000
2, 29.76, 5400.000000
2, 29.75, 15300.000000
2, 29.74, 1800.000000
2, 29.73, 11100.000000
2, 29.72, 3700.000000
2, 29.71, 2900.000000
2, 29.70, 4300.000000
@, 29.84, 29.85
1, 30.00, 2800.000000
1, 29.99, 1000.000000
1, 29.98, 1600.000000
1, 29.97, 1300.000000
1, 29.96, 1700.000000
1, 29.95, 20900.000000
1, 29.94, 12000.000000
1, 29.93, 900.000000
1, 29.92, 3100.000000
1, 29.91, 1400.000000
1, 29.90, 2500.000000
1, 29.89, 1500.000000
1, 29.88, 1900.000000
1, 29.87, 600.000000
1, 29.86, 800.000000
1, 29.85, 900.000000
2, 29.84, 800.000000
2, 29.83, 2000.000000
2, 29.82, 2800.000000
2, 29.81, 11800.000000
2, 29.80, 14300.000000
2, 29.79, 12300.000000
2, 29.78, 2500.000000
2, 29.77, 1200.000000
2, 29.76, 5400.000000
2, 29.75, 15300.000000
2, 29.74, 1800.000000
2, 29.73, 11100.000000
2, 29.72, 3700.000000
2, 29.71, 2900.000000
2, 29.70, 4300.000000
@, 29.84, 29.85
1, 30.00, 2800.000000
1, 29.99, 1000.000000
1, 29.98, 1600.000000
1, 29.97, 1300.000000
1, 29.96, 1700.000000
1, 29.95, 20900.000000
1, 29.94, 12000.000000
1, 29.93, 900.000000
1, 29.92, 3100.000000
1, 29.91, 1400.000000
1, 29.90, 2500.000000
1, 29.89, 1500.000000
1, 29.88, 1900.000000
1, 29.87, 600.000000
1, 29.86, 800.000000
1, 29.85, 900.000000
2, 29.84, 800.000000
2, 29.83, 2000.000000
2, 29.82, 2800.000000
2, 29.81, 11800.000000
2, 29.80, 14300.000000
2, 29.79, 12300.000000
2, 29.78, 2500.000000
2, 29.77, 1200.000000
2, 29.76, 5400.000000
2, 29.75, 15300.000000
2, 29.74, 1800.000000
2, 29.73, 11100.000000
2, 29.72, 3700.000000
2, 29.71, 2900.000000
2, 29.70, 4300.000000
@, 29.84, 29.85
1, 30.00, 2800.000000
1, 29.99, 1000.000000
1, 29.98, 1600.000000
1, 29.97, 1300.000000
1, 29.96, 1700.000000
1, 29.95, 20900.000000
1, 29.94, 12000.000000
1, 29.93, 900.000000
1, 29.92, 3100.000000
1, 29.91, 1400.000000
1, 29.90, 2500.000000
1, 29.89, 1500.000000
1, 29.88, 1900.000000
1, 29.87, 600.000000
1, 29.86, 800.000000
1, 29.85, 1000.000000
2, 29.84, 800.000000
2, 29.83, 2000.000000
2, 29.82, 2800.000000
2, 29.81, 11800.000000
2, 29.80, 14300.000000
2, 29.79, 12300.000000
2, 29.78, 2500.000000
2, 29.77, 1200.000000
2, 29.76, 5400.000000
2, 29.75, 15300.000000
2, 29.74, 1800.000000
2, 29.73, 11100.000000
2, 29.72, 3700.000000
2, 29.71, 2900.000000
2, 29.70, 4300.000000
@, 29.84, 29.85
1, 30.00, 2800.000000
1, 29.99, 1000.000000
1, 29.98, 1600.000000
1, 29.97, 1300.000000
1, 29.96, 1700.000000
1, 29.95, 20900.000000
1, 29.94, 12000.000000
1, 29.93, 900.000000
1, 29.92, 3100.000000
1, 29.91, 1400.000000
1, 29.90, 2500.000000
1, 29.89, 1500.000000
1, 29.88, 1900.000000
1, 29.87, 600.000000
1, 29.86, 800.000000
1, 29.85, 1100.000000
2, 29.84, 800.000000
2, 29.83, 2000.000000
2, 29.82, 2800.000000
2, 29.81, 11800.000000
2, 29.80, 14300.000000
2, 29.79, 12300.000000
2, 29.78, 2500.000000
2, 29.77, 1200.000000
2, 29.76, 5400.000000
2, 29.75, 15300.000000
2, 29.74, 1800.000000
2, 29.73, 11100.000000
2, 29.72, 3700.000000
2, 29.71, 2900.000000
2, 29.70, 4300.000000
@