, 9.62, 11.00
1, 16.00, 900.000000
1, 15.00, 200.000000
1, 14.00, 700.000000
1, 12.00, 100.000000
1, 11.00, 100.000000
@, 9.62, 11.00
1, 16.00, 900.000000
1, 15.00, 200.000000
1, 14.00, 700.000000
1, 12.00, 100.000000
1, 11.00, 100.000000
@, 9.62, 11.00
1, 16.00, 900.000000
1, 15.00, 200.000000
1, 14.00, 700.000000
1, 12.00, 100.000000
1, 11.00, 100.000000
@, 9.62, 11.00
1, 16.00, 900.000000
1, 15.00, 200.000000
1, 14.00, 700.000000
1, 12.00, 100.000000
1, 11.00, 100.000000
@, 9.62, 11.00
1, 16.00, 900.000000
1, 15.00, 200.000000
1, 14.00, 700.000000
1, 12.00, 100.000000
1, 11.00, 100.000000
@, 9.62, 11.00
1, 16.00, 900.000000
1, 15.00, 200.000000
1, 14.00, 700.000000
1, 12.00, 100.000000
1, 11.00, 100.000000
@, 9.62, 11.00
1, 16.00, 900.000000
1, 15.00, 200.000000
1, 14.00, 700.000000
1, 12.00, 100.000000
1, 11.00, 100.000000
@, 9.62, 11.00
1, 16.00, 900.000000
1, 15.00, 200.000000
1, 14.00, 700.000000
1, 12.00, 100.000000
1, 11.00, 100.000000
@, 9.62, 11.00
1, 16.00, 900.000000
1, 15.00, 200.000000
1, 14.00, 700.000000
1, 12.00, 100.000000
1, 11.00, 100.000000
@, 9.62, 11.00
1, 16.00, 900.000000
1, 15.00, 200.000000
1, 14.00, 700.000000
1, 12.00, 100.000000
1, 11.00, 100.000000
@