, 10.13, 14.00
1, 41.00, 300.000000
1, 14.00, 100.000000
2, 10.13, 1000.000000
2, 10.06, 100.000000
@, 10.13, 14.00
1, 41.00, 300.000000
1, 14.00, 100.000000
2, 10.13, 1000.000000
2, 10.06, 100.000000
@, 10.13, 14.00
1, 41.00, 300.000000
1, 14.00, 100.000000
2, 10.13, 1000.000000
2, 10.06, 100.000000
@, 10.13, 14.00
1, 41.00, 300.000000
1, 14.00, 100.000000
2, 10.13, 1000.000000
2, 10.06, 100.000000
@, 10.13, 14.00
1, 41.00, 300.000000
1, 14.00, 100.000000
2, 10.13, 1000.000000
2, 10.06, 100.000000
@, 10.13, 14.00
1, 41.00, 300.000000
1, 14.00, 100.000000
2, 10.13, 1000.000000
2, 10.06, 100.000000
@, 10.13, 14.00
1, 41.00, 300.000000
1, 14.00, 100.000000
2, 10.13, 1000.000000
2, 10.06, 100.000000
@, 10.13, 14.00
1, 41.00, 300.000000
1, 14.00, 100.000000
2, 10.13, 1000.000000
2, 10.06, 100.000000
@, 10.13, 14.00
1, 41.00, 300.000000
1, 14.00, 100.000000
2, 10.13, 1000.000000
2, 10.06, 100.000000
@, 10.13, 14.00
1, 41.00, 300.000000
1, 14.00, 100.000000
2, 10.13, 1000.000000
2, 10.06, 100.000000
@