, 5.00, 10.98
1, 18.50, 100.000000
1, 15.52, 100.000000
1, 13.98, 100.000000
1, 13.00, 2700.000000
1, 10.98, 100.000000
@, 5.00, 10.98
1, 18.50, 100.000000
1, 15.52, 100.000000
1, 13.98, 100.000000
1, 13.00, 2700.000000
1, 10.98, 100.000000
@, 5.00, 10.98
1, 18.50, 100.000000
1, 15.52, 100.000000
1, 13.98, 100.000000
1, 13.00, 2700.000000
1, 10.98, 100.000000
@, 5.00, 10.98
1, 18.50, 100.000000
1, 15.52, 100.000000
1, 13.98, 100.000000
1, 13.00, 2700.000000
1, 10.98, 100.000000
@, 5.00, 10.98
1, 18.50, 100.000000
1, 15.52, 100.000000
1, 13.98, 100.000000
1, 13.00, 2700.000000
1, 10.98, 100.000000
@, 5.00, 10.98
1, 18.50, 100.000000
1, 15.52, 100.000000
1, 13.98, 100.000000
1, 13.00, 2700.000000
1, 10.98, 100.000000
@, 5.00, 10.98
1, 18.50, 100.000000
1, 15.52, 100.000000
1, 13.98, 100.000000
1, 13.00, 2700.000000
1, 10.98, 100.000000
@, 5.00, 10.98
1, 18.50, 100.000000
1, 15.52, 100.000000
1, 13.98, 100.000000
1, 13.00, 2700.000000
1, 10.98, 100.000000
@, 5.00, 10.98
1, 18.50, 100.000000
1, 15.52, 100.000000
1, 13.98, 100.000000
1, 13.00, 2700.000000
1, 10.98, 100.000000
@, 5.00, 10.98
1, 18.50, 100.000000
1, 15.52, 100.000000
1, 13.98, 100.000000
1, 13.00, 2700.000000
1, 10.98, 100.000000
@