, 8.66, 8.85
1, 14.20, 600.000000
1, 13.35, 300.000000
1, 11.00, 1000.000000
1, 10.50, 500.000000
1, 10.49, 300.000000
1, 10.45, 300.000000
1, 10.30, 200.000000
1, 9.99, 800.000000
1, 9.95, 500.000000
1, 9.92, 100.000000
1, 9.45, 100.000000
1, 9.39, 900.000000
1, 9.38, 700.000000
1, 9.00, 500.000000
1, 8.99, 200.000000
1, 8.85, 200.000000
2, 8.66, 100.000000
2, 8.60, 300.000000
2, 8.58, 300.000000
2, 8.57, 100.000000
2, 8.20, 400.000000
2, 7.00, 600.000000
2, 5.01, 500.000000
2, 4.85, 2000.000000
@, 8.66, 8.85
1, 14.20, 600.000000
1, 13.35, 300.000000
1, 11.00, 1000.000000
1, 10.50, 500.000000
1, 10.49, 300.000000
1, 10.45, 300.000000
1, 10.30, 200.000000
1, 9.99, 800.000000
1, 9.95, 500.000000
1, 9.92, 100.000000
1, 9.45, 100.000000
1, 9.39, 900.000000
1, 9.38, 700.000000
1, 9.00, 500.000000
1, 8.99, 200.000000
1, 8.85, 200.000000
2, 8.66, 100.000000
2, 8.60, 300.000000
2, 8.58, 300.000000
2, 8.57, 100.000000
2, 8.20, 400.000000
2, 7.00, 600.000000
2, 5.01, 500.000000
2, 4.85, 2000.000000
@, 8.66, 8.85
1, 14.20, 600.000000
1, 13.35, 300.000000
1, 11.00, 1000.000000
1, 10.50, 500.000000
1, 10.49, 300.000000
1, 10.45, 300.000000
1, 10.30, 200.000000
1, 9.99, 800.000000
1, 9.95, 500.000000
1, 9.92, 100.000000
1, 9.45, 100.000000
1, 9.39, 900.000000
1, 9.38, 700.000000
1, 9.00, 500.000000
1, 8.99, 200.000000
1, 8.85, 200.000000
2, 8.66, 100.000000
2, 8.60, 300.000000
2, 8.58, 300.000000
2, 8.57, 100.000000
2, 8.20, 400.000000
2, 7.00, 600.000000
2, 5.01, 500.000000
2, 4.85, 2000.000000
@, 8.66, 8.85
1, 14.20, 600.000000
1, 13.35, 300.000000
1, 11.00, 1000.000000
1, 10.50, 500.000000
1, 10.49, 300.000000
1, 10.45, 300.000000
1, 10.30, 200.000000
1, 9.99, 800.000000
1, 9.95, 500.000000
1, 9.92, 100.000000
1, 9.45, 100.000000
1, 9.39, 900.000000
1, 9.38, 700.000000
1, 9.00, 500.000000
1, 8.99, 200.000000
1, 8.85, 200.000000
2, 8.66, 100.000000
2, 8.60, 300.000000
2, 8.58, 300.000000
2, 8.57, 100.000000
2, 8.20, 400.000000
2, 7.00, 600.000000
2, 5.01, 500.000000
2, 4.85, 2000.000000
@, 8.66, 8.85
1, 14.20, 600.000000
1, 13.35, 300.000000
1, 11.00, 1000.000000
1, 10.50, 500.000000
1, 10.49, 300.000000
1, 10.45, 300.000000
1, 10.30, 200.000000
1, 9.99, 800.000000
1, 9.95, 500.000000
1, 9.92, 100.000000
1, 9.45, 100.000000
1, 9.39, 900.000000
1, 9.38, 700.000000
1, 9.00, 500.000000
1, 8.99, 200.000000
1, 8.85, 200.000000
2, 8.66, 100.000000
2, 8.60, 300.000000
2, 8.58, 300.000000
2, 8.57, 100.000000
2, 8.20, 400.000000
2, 7.00, 600.000000
2, 5.01, 500.000000
2, 4.85, 2000.000000
@, 8.66, 8.85
1, 14.20, 600.000000
1, 13.35, 300.000000
1, 11.00, 1000.000000
1, 10.50, 500.000000
1, 10.49, 300.000000
1, 10.45, 300.000000
1, 10.30, 200.000000
1, 9.99, 800.000000
1, 9.95, 500.000000
1, 9.92, 100.000000
1, 9.45, 100.000000
1, 9.39, 900.000000
1, 9.38, 700.000000
1, 9.00, 500.000000
1, 8.99, 200.000000
1, 8.85, 200.000000
2, 8.66, 100.000000
2, 8.60, 300.000000
2, 8.58, 300.000000
2, 8.57, 100.000000
2, 8.20, 400.000000
2, 7.00, 600.000000
2, 5.01, 500.000000
2, 4.85, 2000.000000
@, 8.66, 8.85
1, 14.20, 600.000000
1, 13.35, 300.000000
1, 11.00, 1000.000000
1, 10.50, 500.000000
1, 10.49, 300.000000
1, 10.45, 300.000000
1, 10.30, 200.000000
1, 9.99, 800.000000
1, 9.95, 500.000000
1, 9.92, 100.000000
1, 9.45, 100.000000
1, 9.39, 900.000000
1, 9.38, 700.000000
1, 9.00, 500.000000
1, 8.99, 200.000000
1, 8.85, 200.000000
2, 8.66, 100.000000
2, 8.60, 300.000000
2, 8.58, 300.000000
2, 8.57, 100.000000
2, 8.20, 400.000000
2, 7.00, 600.000000
2, 5.01, 500.000000
2, 4.85, 2000.000000
@, 8.66, 8.85
1, 14.20, 600.000000
1, 13.35, 300.000000
1, 11.00, 1000.000000
1, 10.50, 500.000000
1, 10.49, 300.000000
1, 10.45, 300.000000
1, 10.30, 200.000000
1, 9.99, 800.000000
1, 9.95, 500.000000
1, 9.92, 100.000000
1, 9.45, 100.000000
1, 9.39, 900.000000
1, 9.38, 700.000000
1, 9.00, 500.000000
1, 8.99, 200.000000
1, 8.85, 200.000000
2, 8.66, 100.000000
2, 8.60, 300.000000
2, 8.58, 300.000000
2, 8.57, 100.000000
2, 8.20, 400.000000
2, 7.00, 600.000000
2, 5.01, 500.000000
2, 4.85, 2000.000000
@, 8.66, 8.85
1, 14.20, 600.000000
1, 13.35, 300.000000
1, 11.00, 1000.000000
1, 10.50, 500.000000
1, 10.49, 300.000000
1, 10.45, 300.000000
1, 10.30, 200.000000
1, 9.99, 800.000000
1, 9.95, 500.000000
1, 9.92, 100.000000
1, 9.45, 100.000000
1, 9.39, 900.000000
1, 9.38, 700.000000
1, 9.00, 500.000000
1, 8.99, 200.000000
1, 8.85, 200.000000
2, 8.66, 100.000000
2, 8.60, 300.000000
2, 8.58, 300.000000
2, 8.57, 100.000000
2, 8.20, 400.000000
2, 7.00, 600.000000
2, 5.01, 500.000000
2, 4.85, 2000.000000
@, 8.66, 8.85
1, 14.20, 600.000000
1, 13.35, 300.000000
1, 11.00, 1000.000000
1, 10.50, 500.000000
1, 10.49, 300.000000
1, 10.45, 300.000000
1, 10.30, 200.000000
1, 9.99, 800.000000
1, 9.95, 500.000000
1, 9.92, 100.000000
1, 9.45, 100.000000
1, 9.39, 900.000000
1, 9.38, 700.000000
1, 9.00, 500.000000
1, 8.99, 200.000000
1, 8.85, 200.000000
2, 8.66, 100.000000
2, 8.60, 300.000000
2, 8.58, 300.000000
2, 8.57, 100.000000
2, 8.20, 400.000000
2, 7.00, 600.000000
2, 5.01, 500.000000
2, 4.85, 2000.000000
@