, 5.84, 5.99
1, 9.00, 13200.000000
1, 8.99, 400.000000
1, 8.89, 200.000000
1, 8.44, 400.000000
1, 7.99, 400.000000
1, 7.60, 200.000000
1, 7.47, 300.000000
1, 7.46, 100.000000
1, 7.40, 100.000000
1, 6.90, 1000.000000
1, 6.79, 5600.000000
1, 6.69, 200.000000
1, 6.50, 1000.000000
1, 6.49, 500.000000
1, 6.00, 400.000000
1, 5.99, 100.000000
2, 5.84, 5000.000000
2, 4.88, 400.000000
2, 4.86, 500.000000
2, 4.85, 2000.000000
2, 4.81, 100.000000
2, 3.05, 200.000000
@, 5.84, 5.99
1, 9.00, 13200.000000
1, 8.99, 400.000000
1, 8.89, 200.000000
1, 8.44, 400.000000
1, 7.99, 400.000000
1, 7.60, 200.000000
1, 7.47, 300.000000
1, 7.46, 100.000000
1, 7.40, 100.000000
1, 6.90, 1000.000000
1, 6.79, 5600.000000
1, 6.69, 200.000000
1, 6.50, 1000.000000
1, 6.49, 500.000000
1, 6.00, 400.000000
1, 5.99, 100.000000
2, 5.84, 5000.000000
2, 4.88, 400.000000
2, 4.86, 500.000000
2, 4.85, 2000.000000
2, 4.81, 100.000000
2, 3.05, 200.000000
@, 5.84, 5.99
1, 9.00, 13200.000000
1, 8.99, 400.000000
1, 8.89, 200.000000
1, 8.44, 400.000000
1, 7.99, 400.000000
1, 7.60, 200.000000
1, 7.47, 300.000000
1, 7.46, 100.000000
1, 7.40, 100.000000
1, 6.90, 1000.000000
1, 6.79, 5600.000000
1, 6.69, 200.000000
1, 6.50, 1000.000000
1, 6.49, 500.000000
1, 6.00, 400.000000
1, 5.99, 100.000000
2, 5.84, 5000.000000
2, 4.88, 400.000000
2, 4.86, 500.000000
2, 4.85, 2000.000000
2, 4.81, 100.000000
2, 3.05, 200.000000
@, 5.84, 5.99
1, 9.00, 13200.000000
1, 8.99, 400.000000
1, 8.89, 200.000000
1, 8.44, 400.000000
1, 7.99, 400.000000
1, 7.60, 200.000000
1, 7.47, 300.000000
1, 7.46, 100.000000
1, 7.40, 100.000000
1, 6.90, 1000.000000
1, 6.79, 5600.000000
1, 6.69, 200.000000
1, 6.50, 1000.000000
1, 6.49, 500.000000
1, 6.00, 400.000000
1, 5.99, 100.000000
2, 5.84, 5000.000000
2, 4.88, 400.000000
2, 4.86, 500.000000
2, 4.85, 2000.000000
2, 4.81, 100.000000
2, 3.05, 200.000000
@, 5.84, 5.99
1, 9.00, 13200.000000
1, 8.99, 400.000000
1, 8.89, 200.000000
1, 8.44, 400.000000
1, 7.99, 400.000000
1, 7.60, 200.000000
1, 7.47, 300.000000
1, 7.46, 100.000000
1, 7.40, 100.000000
1, 6.90, 1000.000000
1, 6.79, 5600.000000
1, 6.69, 200.000000
1, 6.50, 1000.000000
1, 6.49, 500.000000
1, 6.00, 400.000000
1, 5.99, 100.000000
2, 5.84, 5000.000000
2, 4.88, 400.000000
2, 4.86, 500.000000
2, 4.85, 2000.000000
2, 4.81, 100.000000
2, 3.05, 200.000000
@, 5.84, 5.99
1, 9.00, 13200.000000
1, 8.99, 400.000000
1, 8.89, 200.000000
1, 8.44, 400.000000
1, 7.99, 400.000000
1, 7.60, 200.000000
1, 7.47, 300.000000
1, 7.46, 100.000000
1, 7.40, 100.000000
1, 6.90, 1000.000000
1, 6.79, 5600.000000
1, 6.69, 200.000000
1, 6.50, 1000.000000
1, 6.49, 500.000000
1, 6.00, 400.000000
1, 5.99, 100.000000
2, 5.84, 5000.000000
2, 4.88, 400.000000
2, 4.86, 500.000000
2, 4.85, 2000.000000
2, 4.81, 100.000000
2, 3.05, 200.000000
@, 5.84, 5.99
1, 9.00, 13200.000000
1, 8.99, 400.000000
1, 8.89, 200.000000
1, 8.44, 400.000000
1, 7.99, 400.000000
1, 7.60, 200.000000
1, 7.47, 300.000000
1, 7.46, 100.000000
1, 7.40, 100.000000
1, 6.90, 1000.000000
1, 6.79, 5600.000000
1, 6.69, 200.000000
1, 6.50, 1000.000000
1, 6.49, 500.000000
1, 6.00, 400.000000
1, 5.99, 100.000000
2, 5.84, 5000.000000
2, 4.88, 400.000000
2, 4.86, 500.000000
2, 4.85, 2000.000000
2, 4.81, 100.000000
2, 3.05, 200.000000
@, 5.84, 5.99
1, 9.00, 13200.000000
1, 8.99, 400.000000
1, 8.89, 200.000000
1, 8.44, 400.000000
1, 7.99, 400.000000
1, 7.60, 200.000000
1, 7.47, 300.000000
1, 7.46, 100.000000
1, 7.40, 100.000000
1, 6.90, 1000.000000
1, 6.79, 5600.000000
1, 6.69, 200.000000
1, 6.50, 1000.000000
1, 6.49, 500.000000
1, 6.00, 400.000000
1, 5.99, 100.000000
2, 5.84, 5000.000000
2, 4.88, 400.000000
2, 4.86, 500.000000
2, 4.85, 2000.000000
2, 4.81, 100.000000
2, 3.05, 200.000000
@, 5.84, 5.99
1, 9.00, 13200.000000
1, 8.99, 400.000000
1, 8.89, 200.000000
1, 8.44, 400.000000
1, 7.99, 400.000000
1, 7.60, 200.000000
1, 7.47, 300.000000
1, 7.46, 100.000000
1, 7.40, 100.000000
1, 6.90, 1000.000000
1, 6.79, 5600.000000
1, 6.69, 200.000000
1, 6.50, 1000.000000
1, 6.49, 500.000000
1, 6.00, 400.000000
1, 5.99, 100.000000
2, 5.84, 5000.000000
2, 4.88, 400.000000
2, 4.86, 500.000000
2, 4.85, 2000.000000
2, 4.81, 100.000000
2, 3.05, 200.000000
@, 5.84, 5.99
1, 9.00, 13200.000000
1, 8.99, 400.000000
1, 8.89, 200.000000
1, 8.44, 400.000000
1, 7.99, 400.000000
1, 7.60, 200.000000
1, 7.47, 300.000000
1, 7.46, 100.000000
1, 7.40, 100.000000
1, 6.90, 1000.000000
1, 6.79, 5600.000000
1, 6.69, 200.000000
1, 6.50, 1000.000000
1, 6.49, 500.000000
1, 6.00, 400.000000
1, 5.99, 100.000000
2, 5.84, 5000.000000
2, 4.88, 400.000000
2, 4.86, 500.000000
2, 4.85, 2000.000000
2, 4.81, 100.000000
2, 3.05, 200.000000
@