, 8.56, 8.99
1, 11.50, 200.000000
1, 11.40, 200.000000
1, 11.30, 200.000000
1, 11.20, 200.000000
1, 11.10, 200.000000
1, 11.00, 100.000000
1, 10.70, 100.000000
1, 10.50, 200.000000
1, 10.00, 100.000000
1, 9.89, 800.000000
1, 9.85, 300.000000
1, 9.79, 300.000000
1, 9.40, 500.000000
1, 9.39, 100.000000
1, 9.25, 200.000000
1, 8.99, 1400.000000
2, 8.56, 100.000000
2, 8.55, 400.000000
2, 8.50, 400.000000
2, 8.10, 100.000000
2, 8.09, 1400.000000
2, 8.00, 5500.000000
2, 7.40, 7800.000000
2, 6.20, 1000.000000
@, 8.56, 8.99
1, 11.50, 200.000000
1, 11.40, 200.000000
1, 11.30, 200.000000
1, 11.20, 200.000000
1, 11.10, 200.000000
1, 11.00, 100.000000
1, 10.70, 100.000000
1, 10.50, 200.000000
1, 10.00, 100.000000
1, 9.89, 800.000000
1, 9.85, 300.000000
1, 9.79, 300.000000
1, 9.40, 500.000000
1, 9.39, 100.000000
1, 9.25, 200.000000
1, 8.99, 1400.000000
2, 8.56, 100.000000
2, 8.55, 400.000000
2, 8.50, 400.000000
2, 8.10, 100.000000
2, 8.09, 1400.000000
2, 8.00, 5500.000000
2, 7.40, 7800.000000
2, 6.20, 1000.000000
@, 8.56, 8.99
1, 11.50, 200.000000
1, 11.40, 200.000000
1, 11.30, 200.000000
1, 11.20, 200.000000
1, 11.10, 200.000000
1, 11.00, 100.000000
1, 10.70, 100.000000
1, 10.50, 200.000000
1, 10.00, 100.000000
1, 9.89, 800.000000
1, 9.85, 300.000000
1, 9.79, 300.000000
1, 9.40, 500.000000
1, 9.39, 100.000000
1, 9.25, 200.000000
1, 8.99, 1400.000000
2, 8.56, 100.000000
2, 8.55, 400.000000
2, 8.50, 400.000000
2, 8.10, 100.000000
2, 8.09, 1400.000000
2, 8.00, 5500.000000
2, 7.40, 7800.000000
2, 6.20, 1000.000000
@, 8.56, 8.99
1, 11.50, 200.000000
1, 11.40, 200.000000
1, 11.30, 200.000000
1, 11.20, 200.000000
1, 11.10, 200.000000
1, 11.00, 100.000000
1, 10.70, 100.000000
1, 10.50, 200.000000
1, 10.00, 100.000000
1, 9.89, 800.000000
1, 9.85, 300.000000
1, 9.79, 300.000000
1, 9.40, 500.000000
1, 9.39, 100.000000
1, 9.25, 200.000000
1, 8.99, 1400.000000
2, 8.56, 100.000000
2, 8.55, 400.000000
2, 8.50, 400.000000
2, 8.10, 100.000000
2, 8.09, 1400.000000
2, 8.00, 5500.000000
2, 7.40, 7800.000000
2, 6.20, 1000.000000
@, 8.56, 8.99
1, 11.50, 200.000000
1, 11.40, 200.000000
1, 11.30, 200.000000
1, 11.20, 200.000000
1, 11.10, 200.000000
1, 11.00, 100.000000
1, 10.70, 100.000000
1, 10.50, 200.000000
1, 10.00, 100.000000
1, 9.89, 800.000000
1, 9.85, 300.000000
1, 9.79, 300.000000
1, 9.40, 500.000000
1, 9.39, 100.000000
1, 9.25, 200.000000
1, 8.99, 1400.000000
2, 8.56, 100.000000
2, 8.55, 400.000000
2, 8.50, 400.000000
2, 8.10, 100.000000
2, 8.09, 1400.000000
2, 8.00, 5500.000000
2, 7.40, 7800.000000
2, 6.20, 1000.000000
@, 8.56, 8.99
1, 11.50, 200.000000
1, 11.40, 200.000000
1, 11.30, 200.000000
1, 11.20, 200.000000
1, 11.10, 200.000000
1, 11.00, 100.000000
1, 10.70, 100.000000
1, 10.50, 200.000000
1, 10.00, 100.000000
1, 9.89, 800.000000
1, 9.85, 300.000000
1, 9.79, 300.000000
1, 9.40, 500.000000
1, 9.39, 100.000000
1, 9.25, 200.000000
1, 8.99, 1400.000000
2, 8.56, 100.000000
2, 8.55, 400.000000
2, 8.50, 400.000000
2, 8.10, 100.000000
2, 8.09, 1400.000000
2, 8.00, 5500.000000
2, 7.40, 7800.000000
2, 6.20, 1000.000000
@, 8.56, 8.99
1, 11.50, 200.000000
1, 11.40, 200.000000
1, 11.30, 200.000000
1, 11.20, 200.000000
1, 11.10, 200.000000
1, 11.00, 100.000000
1, 10.70, 100.000000
1, 10.50, 200.000000
1, 10.00, 100.000000
1, 9.89, 800.000000
1, 9.85, 300.000000
1, 9.79, 300.000000
1, 9.40, 500.000000
1, 9.39, 100.000000
1, 9.25, 200.000000
1, 8.99, 1400.000000
2, 8.56, 100.000000
2, 8.55, 400.000000
2, 8.50, 400.000000
2, 8.10, 100.000000
2, 8.09, 1400.000000
2, 8.00, 5500.000000
2, 7.40, 7800.000000
2, 6.20, 1000.000000
@, 8.56, 8.99
1, 11.50, 200.000000
1, 11.40, 200.000000
1, 11.30, 200.000000
1, 11.20, 200.000000
1, 11.10, 200.000000
1, 11.00, 100.000000
1, 10.70, 100.000000
1, 10.50, 200.000000
1, 10.00, 100.000000
1, 9.89, 800.000000
1, 9.85, 300.000000
1, 9.79, 300.000000
1, 9.40, 500.000000
1, 9.39, 100.000000
1, 9.25, 200.000000
1, 8.99, 1400.000000
2, 8.56, 100.000000
2, 8.55, 400.000000
2, 8.50, 400.000000
2, 8.10, 100.000000
2, 8.09, 1400.000000
2, 8.00, 5500.000000
2, 7.40, 7800.000000
2, 6.20, 1000.000000
@, 8.56, 8.99
1, 11.50, 200.000000
1, 11.40, 200.000000
1, 11.30, 200.000000
1, 11.20, 200.000000
1, 11.10, 200.000000
1, 11.00, 100.000000
1, 10.70, 100.000000
1, 10.50, 200.000000
1, 10.00, 100.000000
1, 9.89, 800.000000
1, 9.85, 300.000000
1, 9.79, 300.000000
1, 9.40, 500.000000
1, 9.39, 100.000000
1, 9.25, 200.000000
1, 8.99, 1400.000000
2, 8.56, 100.000000
2, 8.55, 400.000000
2, 8.50, 400.000000
2, 8.10, 100.000000
2, 8.09, 1400.000000
2, 8.00, 5500.000000
2, 7.40, 7800.000000
2, 6.20, 1000.000000
@, 8.56, 8.99
1, 11.50, 200.000000
1, 11.40, 200.000000
1, 11.30, 200.000000
1, 11.20, 200.000000
1, 11.10, 200.000000
1, 11.00, 100.000000
1, 10.70, 100.000000
1, 10.50, 200.000000
1, 10.00, 100.000000
1, 9.89, 800.000000
1, 9.85, 300.000000
1, 9.79, 300.000000
1, 9.40, 500.000000
1, 9.39, 100.000000
1, 9.25, 200.000000
1, 8.99, 1400.000000
2, 8.56, 100.000000
2, 8.55, 400.000000
2, 8.50, 400.000000
2, 8.10, 100.000000
2, 8.09, 1400.000000
2, 8.00, 5500.000000
2, 7.40, 7800.000000
2, 6.20, 1000.000000
@