, 9.01, 10.00
1, 19.90, 1000.000000
1, 14.27, 1400.000000
1, 13.24, 100.000000
1, 12.00, 400.000000
1, 11.95, 500.000000
1, 10.99, 200.000000
1, 10.94, 900.000000
1, 10.48, 2000.000000
1, 10.47, 200.000000
1, 10.30, 400.000000
1, 10.00, 500.000000
2, 9.01, 100.000000
2, 9.00, 500.000000
2, 8.80, 100.000000
2, 8.77, 200.000000
2, 8.57, 100.000000
2, 8.56, 300.000000
2, 8.51, 1000.000000
2, 8.50, 1000.000000
@, 9.01, 10.00
1, 19.90, 1000.000000
1, 14.27, 1400.000000
1, 13.24, 100.000000
1, 12.00, 400.000000
1, 11.95, 500.000000
1, 10.99, 200.000000
1, 10.94, 900.000000
1, 10.48, 2000.000000
1, 10.47, 200.000000
1, 10.30, 400.000000
1, 10.00, 500.000000
2, 9.01, 100.000000
2, 9.00, 500.000000
2, 8.80, 100.000000
2, 8.77, 200.000000
2, 8.57, 100.000000
2, 8.56, 300.000000
2, 8.51, 1000.000000
2, 8.50, 1000.000000
@, 9.01, 10.00
1, 19.90, 1000.000000
1, 14.27, 1400.000000
1, 13.24, 100.000000
1, 12.00, 400.000000
1, 11.95, 500.000000
1, 10.99, 200.000000
1, 10.94, 900.000000
1, 10.48, 2000.000000
1, 10.47, 200.000000
1, 10.30, 400.000000
1, 10.00, 500.000000
2, 9.01, 100.000000
2, 9.00, 500.000000
2, 8.80, 100.000000
2, 8.77, 200.000000
2, 8.57, 100.000000
2, 8.56, 300.000000
2, 8.51, 1000.000000
2, 8.50, 1000.000000
@, 9.01, 10.00
1, 19.90, 1000.000000
1, 14.27, 1400.000000
1, 13.24, 100.000000
1, 12.00, 400.000000
1, 11.95, 500.000000
1, 10.99, 200.000000
1, 10.94, 900.000000
1, 10.48, 2000.000000
1, 10.47, 200.000000
1, 10.30, 400.000000
1, 10.00, 500.000000
2, 9.01, 100.000000
2, 9.00, 500.000000
2, 8.80, 100.000000
2, 8.77, 200.000000
2, 8.57, 100.000000
2, 8.56, 300.000000
2, 8.51, 1000.000000
2, 8.50, 1000.000000
@, 9.01, 10.00
1, 19.90, 1000.000000
1, 14.27, 1400.000000
1, 13.24, 100.000000
1, 12.00, 400.000000
1, 11.95, 500.000000
1, 10.99, 200.000000
1, 10.94, 900.000000
1, 10.48, 2000.000000
1, 10.47, 200.000000
1, 10.30, 400.000000
1, 10.00, 500.000000
2, 9.01, 100.000000
2, 9.00, 500.000000
2, 8.80, 100.000000
2, 8.77, 200.000000
2, 8.57, 100.000000
2, 8.56, 300.000000
2, 8.51, 1000.000000
2, 8.50, 1000.000000
@, 9.01, 10.00
1, 19.90, 1000.000000
1, 14.27, 1400.000000
1, 13.24, 100.000000
1, 12.00, 400.000000
1, 11.95, 500.000000
1, 10.99, 200.000000
1, 10.94, 900.000000
1, 10.48, 2000.000000
1, 10.47, 200.000000
1, 10.30, 400.000000
1, 10.00, 500.000000
2, 9.01, 100.000000
2, 9.00, 500.000000
2, 8.80, 100.000000
2, 8.77, 200.000000
2, 8.57, 100.000000
2, 8.56, 300.000000
2, 8.51, 1000.000000
2, 8.50, 1000.000000
@, 9.01, 10.00
1, 19.90, 1000.000000
1, 14.27, 1400.000000
1, 13.24, 100.000000
1, 12.00, 400.000000
1, 11.95, 500.000000
1, 10.99, 200.000000
1, 10.94, 900.000000
1, 10.48, 2000.000000
1, 10.47, 200.000000
1, 10.30, 400.000000
1, 10.00, 500.000000
2, 9.01, 100.000000
2, 9.00, 500.000000
2, 8.80, 100.000000
2, 8.77, 200.000000
2, 8.57, 100.000000
2, 8.56, 300.000000
2, 8.51, 1000.000000
2, 8.50, 1000.000000
@, 9.01, 10.00
1, 19.90, 1000.000000
1, 14.27, 1400.000000
1, 13.24, 100.000000
1, 12.00, 400.000000
1, 11.95, 500.000000
1, 10.99, 200.000000
1, 10.94, 900.000000
1, 10.48, 2000.000000
1, 10.47, 200.000000
1, 10.30, 400.000000
1, 10.00, 500.000000
2, 9.01, 100.000000
2, 9.00, 500.000000
2, 8.80, 100.000000
2, 8.77, 200.000000
2, 8.57, 100.000000
2, 8.56, 300.000000
2, 8.51, 1000.000000
2, 8.50, 1000.000000
@, 9.01, 10.00
1, 19.90, 1000.000000
1, 14.27, 1400.000000
1, 13.24, 100.000000
1, 12.00, 400.000000
1, 11.95, 500.000000
1, 10.99, 200.000000
1, 10.94, 900.000000
1, 10.48, 2000.000000
1, 10.47, 200.000000
1, 10.30, 400.000000
1, 10.00, 500.000000
2, 9.01, 100.000000
2, 9.00, 500.000000
2, 8.80, 100.000000
2, 8.77, 200.000000
2, 8.57, 100.000000
2, 8.56, 300.000000
2, 8.51, 1000.000000
2, 8.50, 1000.000000
@, 9.01, 10.00
1, 19.90, 1000.000000
1, 14.27, 1400.000000
1, 13.24, 100.000000
1, 12.00, 400.000000
1, 11.95, 500.000000
1, 10.99, 200.000000
1, 10.94, 900.000000
1, 10.48, 2000.000000
1, 10.47, 200.000000
1, 10.30, 400.000000
1, 10.00, 500.000000
2, 9.01, 100.000000
2, 9.00, 500.000000
2, 8.80, 100.000000
2, 8.77, 200.000000
2, 8.57, 100.000000
2, 8.56, 300.000000
2, 8.51, 1000.000000
2, 8.50, 1000.000000
@