, 22.50, 22.69
1, 26.60, 100.000000
1, 26.09, 300.000000
1, 26.00, 200.000000
1, 25.50, 100.000000
1, 25.00, 100.000000
1, 24.00, 300.000000
1, 23.98, 100.000000
1, 23.50, 500.000000
1, 23.30, 200.000000
1, 23.18, 100.000000
1, 23.00, 100.000000
1, 22.90, 200.000000
1, 22.89, 500.000000
1, 22.77, 100.000000
1, 22.70, 100.000000
1, 22.69, 100.000000
2, 22.50, 100.000000
2, 22.48, 100.000000
2, 22.47, 100.000000
2, 22.44, 200.000000
2, 22.42, 200.000000
2, 22.40, 300.000000
2, 22.35, 100.000000
2, 22.32, 100.000000
2, 22.10, 300.000000
2, 22.08, 500.000000
2, 22.07, 100.000000
2, 22.00, 400.000000
2, 21.00, 100.000000
@, 22.50, 22.69
1, 26.60, 100.000000
1, 26.09, 300.000000
1, 26.00, 200.000000
1, 25.50, 100.000000
1, 25.00, 100.000000
1, 24.00, 300.000000
1, 23.98, 100.000000
1, 23.50, 500.000000
1, 23.30, 200.000000
1, 23.18, 100.000000
1, 23.00, 100.000000
1, 22.90, 200.000000
1, 22.89, 500.000000
1, 22.77, 100.000000
1, 22.70, 100.000000
1, 22.69, 100.000000
2, 22.50, 100.000000
2, 22.48, 100.000000
2, 22.47, 100.000000
2, 22.44, 200.000000
2, 22.42, 200.000000
2, 22.40, 300.000000
2, 22.35, 100.000000
2, 22.32, 100.000000
2, 22.10, 300.000000
2, 22.08, 500.000000
2, 22.07, 100.000000
2, 22.00, 400.000000
2, 21.00, 100.000000
@, 22.50, 22.69
1, 26.60, 100.000000
1, 26.09, 300.000000
1, 26.00, 200.000000
1, 25.50, 100.000000
1, 25.00, 100.000000
1, 24.00, 300.000000
1, 23.98, 100.000000
1, 23.50, 500.000000
1, 23.30, 200.000000
1, 23.18, 100.000000
1, 23.00, 100.000000
1, 22.90, 200.000000
1, 22.89, 500.000000
1, 22.77, 100.000000
1, 22.70, 100.000000
1, 22.69, 100.000000
2, 22.50, 100.000000
2, 22.48, 100.000000
2, 22.47, 100.000000
2, 22.44, 200.000000
2, 22.42, 200.000000
2, 22.40, 300.000000
2, 22.35, 100.000000
2, 22.32, 100.000000
2, 22.10, 300.000000
2, 22.08, 500.000000
2, 22.07, 100.000000
2, 22.00, 400.000000
2, 21.00, 100.000000
@, 22.50, 22.69
1, 26.60, 100.000000
1, 26.09, 300.000000
1, 26.00, 200.000000
1, 25.50, 100.000000
1, 25.00, 100.000000
1, 24.00, 300.000000
1, 23.98, 100.000000
1, 23.50, 500.000000
1, 23.30, 200.000000
1, 23.18, 100.000000
1, 23.00, 100.000000
1, 22.90, 200.000000
1, 22.89, 500.000000
1, 22.77, 100.000000
1, 22.70, 100.000000
1, 22.69, 100.000000
2, 22.50, 100.000000
2, 22.48, 100.000000
2, 22.47, 100.000000
2, 22.44, 200.000000
2, 22.42, 200.000000
2, 22.40, 300.000000
2, 22.35, 100.000000
2, 22.32, 100.000000
2, 22.10, 300.000000
2, 22.08, 500.000000
2, 22.07, 100.000000
2, 22.00, 400.000000
2, 21.00, 100.000000
@, 22.50, 22.69
1, 26.60, 100.000000
1, 26.09, 300.000000
1, 26.00, 200.000000
1, 25.50, 100.000000
1, 25.00, 100.000000
1, 24.00, 300.000000
1, 23.98, 100.000000
1, 23.50, 500.000000
1, 23.30, 200.000000
1, 23.18, 100.000000
1, 23.00, 100.000000
1, 22.90, 200.000000
1, 22.89, 500.000000
1, 22.77, 100.000000
1, 22.70, 100.000000
1, 22.69, 100.000000
2, 22.50, 100.000000
2, 22.48, 100.000000
2, 22.47, 100.000000
2, 22.44, 200.000000
2, 22.42, 200.000000
2, 22.40, 300.000000
2, 22.35, 100.000000
2, 22.32, 100.000000
2, 22.10, 300.000000
2, 22.08, 500.000000
2, 22.07, 100.000000
2, 22.00, 400.000000
2, 21.00, 100.000000
@, 22.50, 22.69
1, 26.60, 100.000000
1, 26.09, 300.000000
1, 26.00, 200.000000
1, 25.50, 100.000000
1, 25.00, 100.000000
1, 24.00, 300.000000
1, 23.98, 100.000000
1, 23.50, 500.000000
1, 23.30, 200.000000
1, 23.18, 100.000000
1, 23.00, 100.000000
1, 22.90, 200.000000
1, 22.89, 500.000000
1, 22.77, 100.000000
1, 22.70, 100.000000
1, 22.69, 100.000000
2, 22.50, 100.000000
2, 22.48, 100.000000
2, 22.47, 100.000000
2, 22.44, 200.000000
2, 22.42, 200.000000
2, 22.40, 300.000000
2, 22.35, 100.000000
2, 22.32, 100.000000
2, 22.10, 300.000000
2, 22.08, 500.000000
2, 22.07, 100.000000
2, 22.00, 400.000000
2, 21.00, 100.000000
@, 22.50, 22.69
1, 26.60, 100.000000
1, 26.09, 300.000000
1, 26.00, 200.000000
1, 25.50, 100.000000
1, 25.00, 100.000000
1, 24.00, 300.000000
1, 23.98, 100.000000
1, 23.50, 500.000000
1, 23.30, 200.000000
1, 23.18, 100.000000
1, 23.00, 100.000000
1, 22.90, 200.000000
1, 22.89, 500.000000
1, 22.77, 100.000000
1, 22.70, 100.000000
1, 22.69, 100.000000
2, 22.50, 100.000000
2, 22.48, 100.000000
2, 22.47, 100.000000
2, 22.44, 200.000000
2, 22.42, 200.000000
2, 22.40, 300.000000
2, 22.35, 100.000000
2, 22.32, 100.000000
2, 22.10, 300.000000
2, 22.08, 500.000000
2, 22.07, 100.000000
2, 22.00, 400.000000
2, 21.00, 100.000000
@, 22.50, 22.69
1, 26.60, 100.000000
1, 26.09, 300.000000
1, 26.00, 200.000000
1, 25.50, 100.000000
1, 25.00, 100.000000
1, 24.00, 300.000000
1, 23.98, 100.000000
1, 23.50, 500.000000
1, 23.30, 200.000000
1, 23.18, 100.000000
1, 23.00, 100.000000
1, 22.90, 200.000000
1, 22.89, 500.000000
1, 22.77, 100.000000
1, 22.70, 100.000000
1, 22.69, 100.000000
2, 22.50, 100.000000
2, 22.48, 100.000000
2, 22.47, 100.000000
2, 22.44, 200.000000
2, 22.42, 200.000000
2, 22.40, 300.000000
2, 22.35, 100.000000
2, 22.32, 100.000000
2, 22.10, 300.000000
2, 22.08, 500.000000
2, 22.07, 100.000000
2, 22.00, 400.000000
2, 21.00, 100.000000
@, 22.50, 22.69
1, 26.60, 100.000000
1, 26.09, 300.000000
1, 26.00, 200.000000
1, 25.50, 100.000000
1, 25.00, 100.000000
1, 24.00, 300.000000
1, 23.98, 100.000000
1, 23.50, 500.000000
1, 23.30, 200.000000
1, 23.18, 100.000000
1, 23.00, 100.000000
1, 22.90, 200.000000
1, 22.89, 500.000000
1, 22.77, 100.000000
1, 22.70, 100.000000
1, 22.69, 100.000000
2, 22.50, 100.000000
2, 22.48, 100.000000
2, 22.47, 100.000000
2, 22.44, 200.000000
2, 22.42, 200.000000
2, 22.40, 300.000000
2, 22.35, 100.000000
2, 22.32, 100.000000
2, 22.10, 300.000000
2, 22.08, 500.000000
2, 22.07, 100.000000
2, 22.00, 400.000000
2, 21.00, 100.000000
@, 22.50, 22.69
1, 26.60, 100.000000
1, 26.09, 300.000000
1, 26.00, 200.000000
1, 25.50, 100.000000
1, 25.00, 100.000000
1, 24.00, 300.000000
1, 23.98, 100.000000
1, 23.50, 500.000000
1, 23.30, 200.000000
1, 23.18, 100.000000
1, 23.00, 100.000000
1, 22.90, 200.000000
1, 22.89, 500.000000
1, 22.77, 100.000000
1, 22.70, 100.000000
1, 22.69, 100.000000
2, 22.50, 100.000000
2, 22.48, 100.000000
2, 22.47, 100.000000
2, 22.44, 200.000000
2, 22.42, 200.000000
2, 22.40, 300.000000
2, 22.35, 100.000000
2, 22.32, 100.000000
2, 22.10, 300.000000
2, 22.08, 500.000000
2, 22.07, 100.000000
2, 22.00, 400.000000
2, 21.00, 100.000000
@