, 19.48, 19.49
1, 19.64, 1600.000000
1, 19.63, 13700.000000
1, 19.62, 10600.000000
1, 19.61, 2200.000000
1, 19.60, 8600.000000
1, 19.59, 3300.000000
1, 19.58, 3700.000000
1, 19.57, 4300.000000
1, 19.56, 8700.000000
1, 19.55, 8900.000000
1, 19.54, 7800.000000
1, 19.53, 3900.000000
1, 19.52, 2300.000000
1, 19.51, 1700.000000
1, 19.50, 3100.000000
1, 19.49, 2000.000000
2, 19.48, 600.000000
2, 19.47, 2900.000000
2, 19.46, 2000.000000
2, 19.45, 2600.000000
2, 19.44, 2800.000000
2, 19.43, 2800.000000
2, 19.42, 9000.000000
2, 19.41, 14100.000000
2, 19.40, 7000.000000
2, 19.39, 2900.000000
2, 19.38, 3100.000000
2, 19.37, 2300.000000
2, 19.36, 2200.000000
2, 19.35, 2400.000000
2, 19.34, 2200.000000
@, 19.48, 19.49
1, 19.64, 1600.000000
1, 19.63, 13700.000000
1, 19.62, 10600.000000
1, 19.61, 2200.000000
1, 19.60, 8600.000000
1, 19.59, 3300.000000
1, 19.58, 3700.000000
1, 19.57, 4300.000000
1, 19.56, 8700.000000
1, 19.55, 8900.000000
1, 19.54, 7800.000000
1, 19.53, 3900.000000
1, 19.52, 2300.000000
1, 19.51, 1700.000000
1, 19.50, 3100.000000
1, 19.49, 2000.000000
2, 19.48, 600.000000
2, 19.47, 2900.000000
2, 19.46, 2000.000000
2, 19.45, 2600.000000
2, 19.44, 2800.000000
2, 19.43, 2800.000000
2, 19.42, 9000.000000
2, 19.41, 14100.000000
2, 19.40, 7000.000000
2, 19.39, 2900.000000
2, 19.38, 3100.000000
2, 19.37, 2300.000000
2, 19.36, 2200.000000
2, 19.35, 2400.000000
2, 19.34, 2200.000000
@, 19.48, 19.49
1, 19.64, 1600.000000
1, 19.63, 13700.000000
1, 19.62, 10600.000000
1, 19.61, 2200.000000
1, 19.60, 8600.000000
1, 19.59, 3300.000000
1, 19.58, 3700.000000
1, 19.57, 4300.000000
1, 19.56, 8700.000000
1, 19.55, 8900.000000
1, 19.54, 7800.000000
1, 19.53, 3900.000000
1, 19.52, 2300.000000
1, 19.51, 1700.000000
1, 19.50, 3100.000000
1, 19.49, 2000.000000
2, 19.48, 600.000000
2, 19.47, 2900.000000
2, 19.46, 2000.000000
2, 19.45, 2600.000000
2, 19.44, 2800.000000
2, 19.43, 2800.000000
2, 19.42, 9000.000000
2, 19.41, 14100.000000
2, 19.40, 7000.000000
2, 19.39, 2900.000000
2, 19.38, 3100.000000
2, 19.37, 2300.000000
2, 19.36, 2200.000000
2, 19.35, 2400.000000
2, 19.34, 2200.000000
@, 19.48, 19.49
1, 19.64, 1600.000000
1, 19.63, 13700.000000
1, 19.62, 10600.000000
1, 19.61, 2200.000000
1, 19.60, 8600.000000
1, 19.59, 3300.000000
1, 19.58, 3700.000000
1, 19.57, 4300.000000
1, 19.56, 8700.000000
1, 19.55, 8900.000000
1, 19.54, 7800.000000
1, 19.53, 3900.000000
1, 19.52, 2300.000000
1, 19.51, 1700.000000
1, 19.50, 3100.000000
1, 19.49, 2000.000000
2, 19.48, 600.000000
2, 19.47, 2900.000000
2, 19.46, 2000.000000
2, 19.45, 2600.000000
2, 19.44, 2800.000000
2, 19.43, 2800.000000
2, 19.42, 9000.000000
2, 19.41, 14100.000000
2, 19.40, 7000.000000
2, 19.39, 2900.000000
2, 19.38, 3100.000000
2, 19.37, 2300.000000
2, 19.36, 2200.000000
2, 19.35, 2400.000000
2, 19.34, 2200.000000
@, 19.48, 19.49
1, 19.64, 1600.000000
1, 19.63, 13700.000000
1, 19.62, 10600.000000
1, 19.61, 2200.000000
1, 19.60, 8600.000000
1, 19.59, 3300.000000
1, 19.58, 3700.000000
1, 19.57, 4300.000000
1, 19.56, 8700.000000
1, 19.55, 8900.000000
1, 19.54, 7800.000000
1, 19.53, 3900.000000
1, 19.52, 2300.000000
1, 19.51, 1700.000000
1, 19.50, 3100.000000
1, 19.49, 1700.000000
2, 19.48, 700.000000
2, 19.47, 2900.000000
2, 19.46, 2700.000000
2, 19.45, 2600.000000
2, 19.44, 2800.000000
2, 19.43, 2800.000000
2, 19.42, 9000.000000
2, 19.41, 14100.000000
2, 19.40, 7000.000000
2, 19.39, 2900.000000
2, 19.38, 3100.000000
2, 19.37, 2300.000000
2, 19.36, 2200.000000
2, 19.35, 2400.000000
2, 19.34, 2200.000000
@, 19.48, 19.49
1, 19.64, 1600.000000
1, 19.63, 13700.000000
1, 19.62, 10600.000000
1, 19.61, 2200.000000
1, 19.60, 8600.000000
1, 19.59, 3300.000000
1, 19.58, 3700.000000
1, 19.57, 4300.000000
1, 19.56, 8700.000000
1, 19.55, 8900.000000
1, 19.54, 7800.000000
1, 19.53, 3900.000000
1, 19.52, 2300.000000
1, 19.51, 1700.000000
1, 19.50, 3100.000000
1, 19.49, 1700.000000
2, 19.48, 700.000000
2, 19.47, 2900.000000
2, 19.46, 2700.000000
2, 19.45, 2600.000000
2, 19.44, 2800.000000
2, 19.43, 2800.000000
2, 19.42, 9000.000000
2, 19.41, 14100.000000
2, 19.40, 7000.000000
2, 19.39, 2900.000000
2, 19.38, 3100.000000
2, 19.37, 2300.000000
2, 19.36, 2200.000000
2, 19.35, 2400.000000
2, 19.34, 2200.000000
@, 19.48, 19.49
1, 19.64, 1600.000000
1, 19.63, 13700.000000
1, 19.62, 10600.000000
1, 19.61, 2200.000000
1, 19.60, 8600.000000
1, 19.59, 3300.000000
1, 19.58, 3700.000000
1, 19.57, 4300.000000
1, 19.56, 8700.000000
1, 19.55, 8900.000000
1, 19.54, 7800.000000
1, 19.53, 3900.000000
1, 19.52, 2300.000000
1, 19.51, 1700.000000
1, 19.50, 3100.000000
1, 19.49, 1700.000000
2, 19.48, 700.000000
2, 19.47, 2900.000000
2, 19.46, 2700.000000
2, 19.45, 2600.000000
2, 19.44, 2800.000000
2, 19.43, 2800.000000
2, 19.42, 9000.000000
2, 19.41, 14100.000000
2, 19.40, 7000.000000
2, 19.39, 2900.000000
2, 19.38, 3100.000000
2, 19.37, 2300.000000
2, 19.36, 2200.000000
2, 19.35, 2400.000000
2, 19.34, 2200.000000
@, 19.48, 19.49
1, 19.64, 1600.000000
1, 19.63, 13700.000000
1, 19.62, 10600.000000
1, 19.61, 2200.000000
1, 19.60, 8600.000000
1, 19.59, 3300.000000
1, 19.58, 3700.000000
1, 19.57, 4300.000000
1, 19.56, 8700.000000
1, 19.55, 8900.000000
1, 19.54, 7800.000000
1, 19.53, 3900.000000
1, 19.52, 2300.000000
1, 19.51, 1700.000000
1, 19.50, 3100.000000
1, 19.49, 1700.000000
2, 19.48, 700.000000
2, 19.47, 2900.000000
2, 19.46, 2700.000000
2, 19.45, 2600.000000
2, 19.44, 2800.000000
2, 19.43, 2800.000000
2, 19.42, 9000.000000
2, 19.41, 14100.000000
2, 19.40, 7000.000000
2, 19.39, 2900.000000
2, 19.38, 3100.000000
2, 19.37, 2300.000000
2, 19.36, 2200.000000
2, 19.35, 2400.000000
2, 19.34, 2200.000000
@, 19.48, 19.49
1, 19.64, 1600.000000
1, 19.63, 13700.000000
1, 19.62, 10600.000000
1, 19.61, 2200.000000
1, 19.60, 8600.000000
1, 19.59, 3300.000000
1, 19.58, 3700.000000
1, 19.57, 4300.000000
1, 19.56, 8700.000000
1, 19.55, 8900.000000
1, 19.54, 7800.000000
1, 19.53, 3900.000000
1, 19.52, 2300.000000
1, 19.51, 1700.000000
1, 19.50, 3100.000000
1, 19.49, 1700.000000
2, 19.48, 700.000000
2, 19.47, 2900.000000
2, 19.46, 2700.000000
2, 19.45, 2600.000000
2, 19.44, 2800.000000
2, 19.43, 2800.000000
2, 19.42, 9000.000000
2, 19.41, 14100.000000
2, 19.40, 7000.000000
2, 19.39, 2900.000000
2, 19.38, 3100.000000
2, 19.37, 2300.000000
2, 19.36, 2200.000000
2, 19.35, 2400.000000
2, 19.34, 2200.000000
@, 19.48, 19.49
1, 19.64, 1600.000000
1, 19.63, 13700.000000
1, 19.62, 10600.000000
1, 19.61, 2200.000000
1, 19.60, 8600.000000
1, 19.59, 3300.000000
1, 19.58, 3700.000000
1, 19.57, 4300.000000
1, 19.56, 8700.000000
1, 19.55, 8900.000000
1, 19.54, 7800.000000
1, 19.53, 3900.000000
1, 19.52, 2300.000000
1, 19.51, 1700.000000
1, 19.50, 3100.000000
1, 19.49, 1700.000000
2, 19.48, 700.000000
2, 19.47, 2900.000000
2, 19.46, 2700.000000
2, 19.45, 2600.000000
2, 19.44, 2800.000000
2, 19.43, 2800.000000
2, 19.42, 9000.000000
2, 19.41, 14100.000000
2, 19.40, 7000.000000
2, 19.39, 2900.000000
2, 19.38, 3100.000000
2, 19.37, 2300.000000
2, 19.36, 2200.000000
2, 19.35, 2400.000000
2, 19.34, 2200.000000
@