, 22.70, 23.18
1, 40.00, 200.000000
1, 25.59, 100.000000
1, 24.30, 100.000000
1, 23.89, 3600.000000
1, 23.30, 100.000000
1, 23.19, 100.000000
1, 23.18, 100.000000
2, 22.70, 300.000000
2, 22.40, 100.000000
2, 22.11, 100.000000
2, 22.05, 100.000000
@, 22.70, 23.18
1, 40.00, 200.000000
1, 25.59, 100.000000
1, 24.30, 100.000000
1, 23.89, 3600.000000
1, 23.30, 100.000000
1, 23.19, 100.000000
1, 23.18, 100.000000
2, 22.70, 300.000000
2, 22.40, 100.000000
2, 22.11, 100.000000
2, 22.05, 100.000000
@, 22.70, 23.18
1, 40.00, 200.000000
1, 25.59, 100.000000
1, 24.30, 100.000000
1, 23.89, 3600.000000
1, 23.30, 100.000000
1, 23.19, 100.000000
1, 23.18, 100.000000
2, 22.70, 300.000000
2, 22.40, 100.000000
2, 22.11, 100.000000
2, 22.05, 100.000000
@, 22.70, 23.18
1, 40.00, 200.000000
1, 25.59, 100.000000
1, 24.30, 100.000000
1, 23.89, 3600.000000
1, 23.30, 100.000000
1, 23.19, 100.000000
1, 23.18, 100.000000
2, 22.70, 300.000000
2, 22.40, 100.000000
2, 22.11, 100.000000
2, 22.05, 100.000000
@, 22.70, 23.18
1, 40.00, 200.000000
1, 25.59, 100.000000
1, 24.30, 100.000000
1, 23.89, 3600.000000
1, 23.30, 100.000000
1, 23.19, 100.000000
1, 23.18, 100.000000
2, 22.70, 300.000000
2, 22.40, 100.000000
2, 22.11, 100.000000
2, 22.05, 100.000000
@, 22.70, 23.18
1, 40.00, 200.000000
1, 25.59, 100.000000
1, 24.30, 100.000000
1, 23.89, 3600.000000
1, 23.30, 100.000000
1, 23.19, 100.000000
1, 23.18, 100.000000
2, 22.70, 300.000000
2, 22.40, 100.000000
2, 22.11, 100.000000
2, 22.05, 100.000000
@, 22.70, 23.18
1, 40.00, 200.000000
1, 25.59, 100.000000
1, 24.30, 100.000000
1, 23.89, 3600.000000
1, 23.30, 100.000000
1, 23.19, 100.000000
1, 23.18, 100.000000
2, 22.70, 300.000000
2, 22.40, 100.000000
2, 22.11, 100.000000
2, 22.05, 100.000000
@, 22.70, 23.18
1, 40.00, 200.000000
1, 25.59, 100.000000
1, 24.30, 100.000000
1, 23.89, 3600.000000
1, 23.30, 100.000000
1, 23.19, 100.000000
1, 23.18, 100.000000
2, 22.70, 300.000000
2, 22.40, 100.000000
2, 22.11, 100.000000
2, 22.05, 100.000000
@, 22.70, 23.18
1, 40.00, 200.000000
1, 25.59, 100.000000
1, 24.30, 100.000000
1, 23.89, 3600.000000
1, 23.30, 100.000000
1, 23.19, 100.000000
1, 23.18, 100.000000
2, 22.70, 300.000000
2, 22.40, 100.000000
2, 22.11, 100.000000
2, 22.05, 100.000000
@, 22.70, 23.18
1, 40.00, 200.000000
1, 25.59, 100.000000
1, 24.30, 100.000000
1, 23.89, 3600.000000
1, 23.30, 100.000000
1, 23.19, 100.000000
1, 23.18, 100.000000
2, 22.70, 300.000000
2, 22.40, 100.000000
2, 22.11, 100.000000
2, 22.05, 100.000000
@