, 6.91, 7.09
1, 8.97, 300.000000
1, 8.91, 3000.000000
1, 8.47, 500.000000
1, 8.06, 100.000000
1, 7.95, 100.000000
1, 7.94, 700.000000
1, 7.60, 5000.000000
1, 7.50, 5000.000000
1, 7.39, 400.000000
1, 7.38, 1200.000000
1, 7.30, 4000.000000
1, 7.28, 1100.000000
1, 7.20, 1300.000000
1, 7.19, 1000.000000
1, 7.10, 200.000000
1, 7.09, 100.000000
2, 6.91, 1500.000000
2, 6.90, 500.000000
2, 6.85, 200.000000
2, 6.81, 500.000000
2, 6.73, 100.000000
2, 6.72, 100.000000
2, 6.70, 1100.000000
2, 6.50, 100.000000
2, 6.41, 10000.000000
2, 6.40, 9700.000000
2, 6.20, 2000.000000
@, 6.91, 7.09
1, 8.97, 300.000000
1, 8.91, 3000.000000
1, 8.47, 500.000000
1, 8.06, 100.000000
1, 7.95, 100.000000
1, 7.94, 700.000000
1, 7.60, 5000.000000
1, 7.50, 5000.000000
1, 7.39, 400.000000
1, 7.38, 1200.000000
1, 7.30, 4000.000000
1, 7.28, 1100.000000
1, 7.20, 1300.000000
1, 7.19, 1000.000000
1, 7.10, 200.000000
1, 7.09, 100.000000
2, 6.91, 1500.000000
2, 6.90, 500.000000
2, 6.85, 200.000000
2, 6.81, 500.000000
2, 6.73, 100.000000
2, 6.72, 100.000000
2, 6.70, 1100.000000
2, 6.50, 100.000000
2, 6.41, 10000.000000
2, 6.40, 9700.000000
2, 6.20, 2000.000000
@, 6.91, 7.09
1, 8.97, 300.000000
1, 8.91, 3000.000000
1, 8.47, 500.000000
1, 8.06, 100.000000
1, 7.95, 100.000000
1, 7.94, 700.000000
1, 7.60, 5000.000000
1, 7.50, 5000.000000
1, 7.39, 400.000000
1, 7.38, 1200.000000
1, 7.30, 4000.000000
1, 7.28, 1100.000000
1, 7.20, 1300.000000
1, 7.19, 1000.000000
1, 7.10, 200.000000
1, 7.09, 100.000000
2, 6.91, 1500.000000
2, 6.90, 500.000000
2, 6.85, 200.000000
2, 6.81, 500.000000
2, 6.73, 100.000000
2, 6.72, 100.000000
2, 6.70, 1100.000000
2, 6.50, 100.000000
2, 6.41, 10000.000000
2, 6.40, 9700.000000
2, 6.20, 2000.000000
@, 6.91, 7.09
1, 8.97, 300.000000
1, 8.91, 3000.000000
1, 8.47, 500.000000
1, 8.06, 100.000000
1, 7.95, 100.000000
1, 7.94, 700.000000
1, 7.60, 5000.000000
1, 7.50, 5000.000000
1, 7.39, 400.000000
1, 7.38, 1200.000000
1, 7.30, 4000.000000
1, 7.28, 1100.000000
1, 7.20, 1300.000000
1, 7.19, 1000.000000
1, 7.10, 200.000000
1, 7.09, 100.000000
2, 6.91, 1500.000000
2, 6.90, 500.000000
2, 6.85, 200.000000
2, 6.81, 500.000000
2, 6.73, 100.000000
2, 6.72, 100.000000
2, 6.70, 1100.000000
2, 6.50, 100.000000
2, 6.41, 10000.000000
2, 6.40, 9700.000000
2, 6.20, 2000.000000
@, 6.91, 7.09
1, 8.97, 300.000000
1, 8.91, 3000.000000
1, 8.47, 500.000000
1, 8.06, 100.000000
1, 7.95, 100.000000
1, 7.94, 700.000000
1, 7.60, 5000.000000
1, 7.50, 5000.000000
1, 7.39, 400.000000
1, 7.38, 1200.000000
1, 7.30, 4000.000000
1, 7.28, 1100.000000
1, 7.20, 1300.000000
1, 7.19, 1000.000000
1, 7.10, 200.000000
1, 7.09, 100.000000
2, 6.91, 1500.000000
2, 6.90, 500.000000
2, 6.85, 200.000000
2, 6.81, 500.000000
2, 6.73, 100.000000
2, 6.72, 100.000000
2, 6.70, 1100.000000
2, 6.50, 100.000000
2, 6.41, 10000.000000
2, 6.40, 9700.000000
2, 6.20, 2000.000000
@, 6.91, 7.09
1, 8.97, 300.000000
1, 8.91, 3000.000000
1, 8.47, 500.000000
1, 8.06, 100.000000
1, 7.95, 100.000000
1, 7.94, 700.000000
1, 7.60, 5000.000000
1, 7.50, 5000.000000
1, 7.39, 400.000000
1, 7.38, 1200.000000
1, 7.30, 4000.000000
1, 7.28, 1100.000000
1, 7.20, 1300.000000
1, 7.19, 1000.000000
1, 7.10, 200.000000
1, 7.09, 100.000000
2, 6.91, 1500.000000
2, 6.90, 500.000000
2, 6.85, 200.000000
2, 6.81, 500.000000
2, 6.73, 100.000000
2, 6.72, 100.000000
2, 6.70, 1100.000000
2, 6.50, 100.000000
2, 6.41, 10000.000000
2, 6.40, 9700.000000
2, 6.20, 2000.000000
@, 6.91, 7.09
1, 8.97, 300.000000
1, 8.91, 3000.000000
1, 8.47, 500.000000
1, 8.06, 100.000000
1, 7.95, 100.000000
1, 7.94, 700.000000
1, 7.60, 5000.000000
1, 7.50, 5000.000000
1, 7.39, 400.000000
1, 7.38, 1200.000000
1, 7.30, 4000.000000
1, 7.28, 1100.000000
1, 7.20, 1300.000000
1, 7.19, 1000.000000
1, 7.10, 200.000000
1, 7.09, 100.000000
2, 6.91, 1500.000000
2, 6.90, 500.000000
2, 6.85, 200.000000
2, 6.81, 500.000000
2, 6.73, 100.000000
2, 6.72, 100.000000
2, 6.70, 1100.000000
2, 6.50, 100.000000
2, 6.41, 10000.000000
2, 6.40, 9700.000000
2, 6.20, 2000.000000
@, 6.91, 7.09
1, 8.97, 300.000000
1, 8.91, 3000.000000
1, 8.47, 500.000000
1, 8.06, 100.000000
1, 7.95, 100.000000
1, 7.94, 700.000000
1, 7.60, 5000.000000
1, 7.50, 5000.000000
1, 7.39, 400.000000
1, 7.38, 1200.000000
1, 7.30, 4000.000000
1, 7.28, 1100.000000
1, 7.20, 1300.000000
1, 7.19, 1000.000000
1, 7.10, 200.000000
1, 7.09, 100.000000
2, 6.91, 1500.000000
2, 6.90, 500.000000
2, 6.85, 200.000000
2, 6.81, 500.000000
2, 6.73, 100.000000
2, 6.72, 100.000000
2, 6.70, 1100.000000
2, 6.50, 100.000000
2, 6.41, 10000.000000
2, 6.40, 9700.000000
2, 6.20, 2000.000000
@, 6.91, 7.09
1, 8.97, 300.000000
1, 8.91, 3000.000000
1, 8.47, 500.000000
1, 8.06, 100.000000
1, 7.95, 100.000000
1, 7.94, 700.000000
1, 7.60, 5000.000000
1, 7.50, 5000.000000
1, 7.39, 400.000000
1, 7.38, 1200.000000
1, 7.30, 4000.000000
1, 7.28, 1100.000000
1, 7.20, 1300.000000
1, 7.19, 1000.000000
1, 7.10, 200.000000
1, 7.09, 100.000000
2, 6.91, 1500.000000
2, 6.90, 500.000000
2, 6.85, 200.000000
2, 6.81, 500.000000
2, 6.73, 100.000000
2, 6.72, 100.000000
2, 6.70, 1100.000000
2, 6.50, 100.000000
2, 6.41, 10000.000000
2, 6.40, 9700.000000
2, 6.20, 2000.000000
@, 6.91, 7.09
1, 8.97, 300.000000
1, 8.91, 3000.000000
1, 8.47, 500.000000
1, 8.06, 100.000000
1, 7.95, 100.000000
1, 7.94, 700.000000
1, 7.60, 5000.000000
1, 7.50, 5000.000000
1, 7.39, 400.000000
1, 7.38, 1200.000000
1, 7.30, 4000.000000
1, 7.28, 1100.000000
1, 7.20, 1300.000000
1, 7.19, 1000.000000
1, 7.10, 200.000000
1, 7.09, 100.000000
2, 6.91, 1500.000000
2, 6.90, 500.000000
2, 6.85, 200.000000
2, 6.81, 500.000000
2, 6.73, 100.000000
2, 6.72, 100.000000
2, 6.70, 1100.000000
2, 6.50, 100.000000
2, 6.41, 10000.000000
2, 6.40, 9700.000000
2, 6.20, 2000.000000
@