, 5.89, 5.95
1, 7.31, 200.000000
1, 7.09, 300.000000
1, 7.00, 1500.000000
1, 6.99, 2200.000000
1, 6.98, 600.000000
1, 6.74, 500.000000
1, 6.56, 1900.000000
1, 6.39, 300.000000
1, 6.38, 300.000000
1, 6.37, 600.000000
1, 6.24, 100.000000
1, 6.20, 800.000000
1, 6.10, 400.000000
1, 6.09, 700.000000
1, 6.06, 2200.000000
1, 5.95, 100.000000
2, 5.89, 100.000000
2, 5.88, 2000.000000
2, 5.82, 500.000000
2, 5.81, 8400.000000
2, 5.80, 5200.000000
2, 5.58, 8100.000000
2, 5.55, 2000.000000
@, 5.89, 5.95
1, 7.31, 200.000000
1, 7.09, 300.000000
1, 7.00, 1500.000000
1, 6.99, 2200.000000
1, 6.98, 600.000000
1, 6.74, 500.000000
1, 6.56, 1900.000000
1, 6.39, 300.000000
1, 6.38, 300.000000
1, 6.37, 600.000000
1, 6.24, 100.000000
1, 6.20, 800.000000
1, 6.10, 400.000000
1, 6.09, 700.000000
1, 6.06, 2200.000000
1, 5.95, 100.000000
2, 5.89, 100.000000
2, 5.88, 2000.000000
2, 5.82, 500.000000
2, 5.81, 8400.000000
2, 5.80, 5200.000000
2, 5.58, 8100.000000
2, 5.55, 2000.000000
@, 5.89, 5.95
1, 7.31, 200.000000
1, 7.09, 300.000000
1, 7.00, 1500.000000
1, 6.99, 2200.000000
1, 6.98, 600.000000
1, 6.74, 500.000000
1, 6.56, 1900.000000
1, 6.39, 300.000000
1, 6.38, 300.000000
1, 6.37, 600.000000
1, 6.24, 100.000000
1, 6.20, 800.000000
1, 6.10, 400.000000
1, 6.09, 700.000000
1, 6.06, 2200.000000
1, 5.95, 100.000000
2, 5.89, 100.000000
2, 5.88, 2000.000000
2, 5.82, 500.000000
2, 5.81, 8400.000000
2, 5.80, 5200.000000
2, 5.58, 8100.000000
2, 5.55, 2000.000000
@, 5.89, 5.95
1, 7.31, 200.000000
1, 7.09, 300.000000
1, 7.00, 1500.000000
1, 6.99, 2200.000000
1, 6.98, 600.000000
1, 6.74, 500.000000
1, 6.56, 1900.000000
1, 6.39, 300.000000
1, 6.38, 300.000000
1, 6.37, 600.000000
1, 6.24, 100.000000
1, 6.20, 800.000000
1, 6.10, 400.000000
1, 6.09, 700.000000
1, 6.06, 2200.000000
1, 5.95, 100.000000
2, 5.89, 100.000000
2, 5.88, 2000.000000
2, 5.82, 500.000000
2, 5.81, 8400.000000
2, 5.80, 5200.000000
2, 5.58, 8100.000000
2, 5.55, 2000.000000
@, 5.89, 5.95
1, 7.31, 200.000000
1, 7.09, 300.000000
1, 7.00, 1500.000000
1, 6.99, 2200.000000
1, 6.98, 600.000000
1, 6.74, 500.000000
1, 6.56, 1900.000000
1, 6.39, 300.000000
1, 6.38, 300.000000
1, 6.37, 600.000000
1, 6.24, 100.000000
1, 6.20, 800.000000
1, 6.10, 400.000000
1, 6.09, 700.000000
1, 6.06, 2200.000000
1, 5.95, 100.000000
2, 5.89, 100.000000
2, 5.88, 2000.000000
2, 5.82, 500.000000
2, 5.81, 8400.000000
2, 5.80, 5200.000000
2, 5.58, 8100.000000
2, 5.55, 2000.000000
@, 5.89, 5.95
1, 7.31, 200.000000
1, 7.09, 300.000000
1, 7.00, 1500.000000
1, 6.99, 2200.000000
1, 6.98, 600.000000
1, 6.74, 500.000000
1, 6.56, 1900.000000
1, 6.39, 300.000000
1, 6.38, 300.000000
1, 6.37, 600.000000
1, 6.24, 100.000000
1, 6.20, 800.000000
1, 6.10, 400.000000
1, 6.09, 700.000000
1, 6.06, 2200.000000
1, 5.95, 100.000000
2, 5.89, 100.000000
2, 5.88, 2000.000000
2, 5.82, 500.000000
2, 5.81, 8400.000000
2, 5.80, 5200.000000
2, 5.58, 8100.000000
2, 5.55, 2000.000000
@, 5.89, 5.95
1, 7.31, 200.000000
1, 7.09, 300.000000
1, 7.00, 1500.000000
1, 6.99, 2200.000000
1, 6.98, 600.000000
1, 6.74, 500.000000
1, 6.56, 1900.000000
1, 6.39, 300.000000
1, 6.38, 300.000000
1, 6.37, 600.000000
1, 6.24, 100.000000
1, 6.20, 800.000000
1, 6.10, 400.000000
1, 6.09, 700.000000
1, 6.06, 2200.000000
1, 5.95, 100.000000
2, 5.89, 100.000000
2, 5.88, 2000.000000
2, 5.82, 500.000000
2, 5.81, 8400.000000
2, 5.80, 5200.000000
2, 5.58, 8100.000000
2, 5.55, 2000.000000
@, 5.89, 5.95
1, 7.31, 200.000000
1, 7.09, 300.000000
1, 7.00, 1500.000000
1, 6.99, 2200.000000
1, 6.98, 600.000000
1, 6.74, 500.000000
1, 6.56, 1900.000000
1, 6.39, 300.000000
1, 6.38, 300.000000
1, 6.37, 600.000000
1, 6.24, 100.000000
1, 6.20, 800.000000
1, 6.10, 400.000000
1, 6.09, 700.000000
1, 6.06, 2200.000000
1, 5.95, 100.000000
2, 5.89, 100.000000
2, 5.88, 2000.000000
2, 5.82, 500.000000
2, 5.81, 8400.000000
2, 5.80, 5200.000000
2, 5.58, 8100.000000
2, 5.55, 2000.000000
@, 5.89, 5.95
1, 7.31, 200.000000
1, 7.09, 300.000000
1, 7.00, 1500.000000
1, 6.99, 2200.000000
1, 6.98, 600.000000
1, 6.74, 500.000000
1, 6.56, 1900.000000
1, 6.39, 300.000000
1, 6.38, 300.000000
1, 6.37, 600.000000
1, 6.24, 100.000000
1, 6.20, 800.000000
1, 6.10, 400.000000
1, 6.09, 700.000000
1, 6.06, 2200.000000
1, 5.95, 100.000000
2, 5.89, 100.000000
2, 5.88, 2000.000000
2, 5.82, 500.000000
2, 5.81, 8400.000000
2, 5.80, 5200.000000
2, 5.58, 8100.000000
2, 5.55, 2000.000000
@, 5.89, 5.95
1, 7.31, 200.000000
1, 7.09, 300.000000
1, 7.00, 1500.000000
1, 6.99, 2200.000000
1, 6.98, 600.000000
1, 6.74, 500.000000
1, 6.56, 1900.000000
1, 6.39, 300.000000
1, 6.38, 300.000000
1, 6.37, 600.000000
1, 6.24, 100.000000
1, 6.20, 800.000000
1, 6.10, 400.000000
1, 6.09, 700.000000
1, 6.06, 2200.000000
1, 5.95, 100.000000
2, 5.89, 100.000000
2, 5.88, 2000.000000
2, 5.82, 500.000000
2, 5.81, 8400.000000
2, 5.80, 5200.000000
2, 5.58, 8100.000000
2, 5.55, 2000.000000
@