, 13.34, 13.35
1, 13.50, 25500.000000
1, 13.49, 11500.000000
1, 13.48, 12100.000000
1, 13.47, 9700.000000
1, 13.46, 16600.000000
1, 13.45, 24800.000000
1, 13.44, 13500.000000
1, 13.43, 18300.000000
1, 13.42, 14200.000000
1, 13.41, 13700.000000
1, 13.40, 22000.000000
1, 13.39, 17400.000000
1, 13.38, 22900.000000
1, 13.37, 104700.000000
1, 13.36, 11000.000000
1, 13.35, 5400.000000
2, 13.34, 8600.000000
2, 13.33, 23300.000000
2, 13.32, 96500.000000
2, 13.31, 11900.000000
2, 13.30, 38700.000000
2, 13.29, 17300.000000
2, 13.28, 17600.000000
2, 13.27, 14300.000000
2, 13.26, 20900.000000
2, 13.25, 44700.000000
2, 13.24, 22300.000000
2, 13.23, 14000.000000
2, 13.22, 18200.000000
2, 13.21, 11900.000000
2, 13.20, 26700.000000
@, 13.34, 13.35
1, 13.50, 25500.000000
1, 13.49, 11500.000000
1, 13.48, 12100.000000
1, 13.47, 9700.000000
1, 13.46, 16600.000000
1, 13.45, 24800.000000
1, 13.44, 13500.000000
1, 13.43, 18300.000000
1, 13.42, 14200.000000
1, 13.41, 13700.000000
1, 13.40, 22000.000000
1, 13.39, 17400.000000
1, 13.38, 22900.000000
1, 13.37, 104700.000000
1, 13.36, 11100.000000
1, 13.35, 5400.000000
2, 13.34, 10400.000000
2, 13.33, 23300.000000
2, 13.32, 99300.000000
2, 13.31, 11900.000000
2, 13.30, 38700.000000
2, 13.29, 17300.000000
2, 13.28, 17600.000000
2, 13.27, 14300.000000
2, 13.26, 20900.000000
2, 13.25, 44700.000000
2, 13.24, 22300.000000
2, 13.23, 14000.000000
2, 13.22, 18200.000000
2, 13.21, 11900.000000
2, 13.20, 26700.000000
@, 13.34, 13.35
1, 13.50, 25500.000000
1, 13.49, 11500.000000
1, 13.48, 12100.000000
1, 13.47, 9700.000000
1, 13.46, 16600.000000
1, 13.45, 24800.000000
1, 13.44, 13500.000000
1, 13.43, 18300.000000
1, 13.42, 14200.000000
1, 13.41, 13700.000000
1, 13.40, 22000.000000
1, 13.39, 17400.000000
1, 13.38, 22900.000000
1, 13.37, 104700.000000
1, 13.36, 11100.000000
1, 13.35, 5400.000000
2, 13.34, 11300.000000
2, 13.33, 23300.000000
2, 13.32, 99300.000000
2, 13.31, 11900.000000
2, 13.30, 38700.000000
2, 13.29, 17300.000000
2, 13.28, 17600.000000
2, 13.27, 14300.000000
2, 13.26, 20900.000000
2, 13.25, 44700.000000
2, 13.24, 22300.000000
2, 13.23, 14000.000000
2, 13.22, 18200.000000
2, 13.21, 11900.000000
2, 13.20, 26700.000000
@, 13.34, 13.35
1, 13.50, 25500.000000
1, 13.49, 11500.000000
1, 13.48, 12100.000000
1, 13.47, 9700.000000
1, 13.46, 16600.000000
1, 13.45, 24800.000000
1, 13.44, 13500.000000
1, 13.43, 18300.000000
1, 13.42, 14200.000000
1, 13.41, 13700.000000
1, 13.40, 22000.000000
1, 13.39, 17400.000000
1, 13.38, 22900.000000
1, 13.37, 104700.000000
1, 13.36, 11100.000000
1, 13.35, 5400.000000
2, 13.34, 11300.000000
2, 13.33, 23300.000000
2, 13.32, 99300.000000
2, 13.31, 11900.000000
2, 13.30, 38700.000000
2, 13.29, 17300.000000
2, 13.28, 17600.000000
2, 13.27, 14300.000000
2, 13.26, 20900.000000
2, 13.25, 44700.000000
2, 13.24, 22300.000000
2, 13.23, 14000.000000
2, 13.22, 18200.000000
2, 13.21, 11900.000000
2, 13.20, 26700.000000
@, 13.34, 13.35
1, 13.50, 25500.000000
1, 13.49, 11500.000000
1, 13.48, 12100.000000
1, 13.47, 9700.000000
1, 13.46, 16600.000000
1, 13.45, 24800.000000
1, 13.44, 13500.000000
1, 13.43, 18300.000000
1, 13.42, 14200.000000
1, 13.41, 13700.000000
1, 13.40, 22000.000000
1, 13.39, 17400.000000
1, 13.38, 22900.000000
1, 13.37, 104700.000000
1, 13.36, 11100.000000
1, 13.35, 5500.000000
2, 13.34, 11300.000000
2, 13.33, 23300.000000
2, 13.32, 99300.000000
2, 13.31, 11900.000000
2, 13.30, 38700.000000
2, 13.29, 17300.000000
2, 13.28, 17600.000000
2, 13.27, 14300.000000
2, 13.26, 20900.000000
2, 13.25, 44700.000000
2, 13.24, 22300.000000
2, 13.23, 14000.000000
2, 13.22, 18200.000000
2, 13.21, 11900.000000
2, 13.20, 26700.000000
@, 13.34, 13.35
1, 13.50, 25500.000000
1, 13.49, 11500.000000
1, 13.48, 12200.000000
1, 13.47, 9700.000000
1, 13.46, 16600.000000
1, 13.45, 24800.000000
1, 13.44, 13500.000000
1, 13.43, 18300.000000
1, 13.42, 14200.000000
1, 13.41, 13700.000000
1, 13.40, 22000.000000
1, 13.39, 17400.000000
1, 13.38, 22900.000000
1, 13.37, 104700.000000
1, 13.36, 11100.000000
1, 13.35, 5500.000000
2, 13.34, 11300.000000
2, 13.33, 23300.000000
2, 13.32, 99300.000000
2, 13.31, 11900.000000
2, 13.30, 38700.000000
2, 13.29, 17300.000000
2, 13.28, 17600.000000
2, 13.27, 14300.000000
2, 13.26, 20900.000000
2, 13.25, 44700.000000
2, 13.24, 22300.000000
2, 13.23, 14000.000000
2, 13.22, 18200.000000
2, 13.21, 11900.000000
2, 13.20, 26700.000000
@, 13.34, 13.35
1, 13.50, 25500.000000
1, 13.49, 11500.000000
1, 13.48, 12200.000000
1, 13.47, 9700.000000
1, 13.46, 16600.000000
1, 13.45, 24800.000000
1, 13.44, 13500.000000
1, 13.43, 18300.000000
1, 13.42, 14200.000000
1, 13.41, 13700.000000
1, 13.40, 22000.000000
1, 13.39, 17400.000000
1, 13.38, 22900.000000
1, 13.37, 104700.000000
1, 13.36, 11100.000000
1, 13.35, 5500.000000
2, 13.34, 11400.000000
2, 13.33, 23300.000000
2, 13.32, 99300.000000
2, 13.31, 11900.000000
2, 13.30, 38700.000000
2, 13.29, 17300.000000
2, 13.28, 17600.000000
2, 13.27, 14300.000000
2, 13.26, 20900.000000
2, 13.25, 44700.000000
2, 13.24, 22300.000000
2, 13.23, 14000.000000
2, 13.22, 18200.000000
2, 13.21, 11900.000000
2, 13.20, 26700.000000
@, 13.34, 13.35
1, 13.50, 25500.000000
1, 13.49, 11500.000000
1, 13.48, 12200.000000
1, 13.47, 9700.000000
1, 13.46, 16600.000000
1, 13.45, 24800.000000
1, 13.44, 13500.000000
1, 13.43, 18300.000000
1, 13.42, 14200.000000
1, 13.41, 13700.000000
1, 13.40, 22000.000000
1, 13.39, 17400.000000
1, 13.38, 22900.000000
1, 13.37, 104700.000000
1, 13.36, 11100.000000
1, 13.35, 5500.000000
2, 13.34, 11400.000000
2, 13.33, 23300.000000
2, 13.32, 99300.000000
2, 13.31, 11900.000000
2, 13.30, 38700.000000
2, 13.29, 17300.000000
2, 13.28, 17600.000000
2, 13.27, 14300.000000
2, 13.26, 20900.000000
2, 13.25, 44700.000000
2, 13.24, 22300.000000
2, 13.23, 14000.000000
2, 13.22, 18200.000000
2, 13.21, 11900.000000
2, 13.20, 26700.000000
@, 13.34, 13.35
1, 13.50, 25500.000000
1, 13.49, 11500.000000
1, 13.48, 12200.000000
1, 13.47, 9700.000000
1, 13.46, 16600.000000
1, 13.45, 24800.000000
1, 13.44, 13500.000000
1, 13.43, 18300.000000
1, 13.42, 14200.000000
1, 13.41, 13700.000000
1, 13.40, 22000.000000
1, 13.39, 17400.000000
1, 13.38, 22900.000000
1, 13.37, 104700.000000
1, 13.36, 11100.000000
1, 13.35, 5500.000000
2, 13.34, 11400.000000
2, 13.33, 23300.000000
2, 13.32, 99300.000000
2, 13.31, 11900.000000
2, 13.30, 38700.000000
2, 13.29, 17300.000000
2, 13.28, 17600.000000
2, 13.27, 14300.000000
2, 13.26, 20900.000000
2, 13.25, 44700.000000
2, 13.24, 22300.000000
2, 13.23, 14000.000000
2, 13.22, 18200.000000
2, 13.21, 11900.000000
2, 13.20, 26700.000000
@, 13.34, 13.35
1, 13.50, 25500.000000
1, 13.49, 11500.000000
1, 13.48, 12200.000000
1, 13.47, 9700.000000
1, 13.46, 16600.000000
1, 13.45, 24800.000000
1, 13.44, 13500.000000
1, 13.43, 18300.000000
1, 13.42, 14200.000000
1, 13.41, 13700.000000
1, 13.40, 22000.000000
1, 13.39, 17400.000000
1, 13.38, 22900.000000
1, 13.37, 104700.000000
1, 13.36, 11100.000000
1, 13.35, 5500.000000
2, 13.34, 11400.000000
2, 13.33, 23300.000000
2, 13.32, 99300.000000
2, 13.31, 11900.000000
2, 13.30, 38700.000000
2, 13.29, 17300.000000
2, 13.28, 17600.000000
2, 13.27, 14300.000000
2, 13.26, 20900.000000
2, 13.25, 44700.000000
2, 13.24, 22300.000000
2, 13.23, 14000.000000
2, 13.22, 18200.000000
2, 13.21, 11900.000000
2, 13.20, 26700.000000
@