, 58.00, 66.00
1, 76.25, 3000.000000
1, 70.00, 500.000000
1, 66.00, 100.000000
2, 58.00, 100.000000
@, 58.00, 66.00
1, 76.25, 3000.000000
1, 70.00, 500.000000
1, 66.00, 100.000000
2, 58.00, 100.000000
@, 58.00, 66.00
1, 76.25, 3000.000000
1, 70.00, 500.000000
1, 66.00, 100.000000
2, 58.00, 100.000000
@, 58.00, 66.00
1, 76.25, 3000.000000
1, 70.00, 500.000000
1, 66.00, 100.000000
2, 58.00, 100.000000
@, 58.00, 66.00
1, 76.25, 3000.000000
1, 70.00, 500.000000
1, 66.00, 100.000000
2, 58.00, 100.000000
@, 58.00, 66.00
1, 76.25, 3000.000000
1, 70.00, 500.000000
1, 66.00, 100.000000
2, 58.00, 100.000000
@, 58.00, 66.00
1, 76.25, 3000.000000
1, 70.00, 500.000000
1, 66.00, 100.000000
2, 58.00, 100.000000
@, 58.00, 66.00
1, 76.25, 3000.000000
1, 70.00, 500.000000
1, 66.00, 100.000000
2, 58.00, 100.000000
@, 58.00, 66.00
1, 76.25, 3000.000000
1, 70.00, 500.000000
1, 66.00, 100.000000
2, 58.00, 100.000000
@, 58.00, 66.00
1, 76.25, 3000.000000
1, 70.00, 500.000000
1, 66.00, 100.000000
2, 58.00, 100.000000
@