, 1.60, 1.61
1, 1.76, 57600.000000
1, 1.75, 43300.000000
1, 1.74, 70400.000000
1, 1.73, 96400.000000
1, 1.72, 269500.000000
1, 1.71, 123500.000000
1, 1.70, 30400.000000
1, 1.69, 90700.000000
1, 1.68, 49800.000000
1, 1.67, 31700.000000
1, 1.66, 39100.000000
1, 1.65, 125100.000000
1, 1.64, 83800.000000
1, 1.63, 135600.000000
1, 1.62, 95000.000000
1, 1.61, 14400.000000
2, 1.60, 203400.000000
2, 1.59, 236200.000000
2, 1.58, 284600.000000
2, 1.57, 26000.000000
2, 1.56, 19000.000000
2, 1.55, 16300.000000
2, 1.54, 26300.000000
2, 1.53, 9400.000000
2, 1.52, 25100.000000
2, 1.51, 23000.000000
2, 1.50, 96000.000000
2, 1.49, 33500.000000
2, 1.48, 7100.000000
2, 1.47, 5700.000000
2, 1.46, 4100.000000
@, 1.60, 1.61
1, 1.76, 57600.000000
1, 1.75, 43300.000000
1, 1.74, 70400.000000
1, 1.73, 96400.000000
1, 1.72, 269500.000000
1, 1.71, 123500.000000
1, 1.70, 30400.000000
1, 1.69, 90700.000000
1, 1.68, 49800.000000
1, 1.67, 31700.000000
1, 1.66, 39100.000000
1, 1.65, 125100.000000
1, 1.64, 83800.000000
1, 1.63, 135600.000000
1, 1.62, 95000.000000
1, 1.61, 14400.000000
2, 1.60, 203400.000000
2, 1.59, 236200.000000
2, 1.58, 284600.000000
2, 1.57, 26000.000000
2, 1.56, 19000.000000
2, 1.55, 16300.000000
2, 1.54, 26300.000000
2, 1.53, 9400.000000
2, 1.52, 25100.000000
2, 1.51, 23000.000000
2, 1.50, 96000.000000
2, 1.49, 33500.000000
2, 1.48, 7100.000000
2, 1.47, 5700.000000
2, 1.46, 4100.000000
@, 1.60, 1.61
1, 1.76, 57600.000000
1, 1.75, 43300.000000
1, 1.74, 70400.000000
1, 1.73, 96400.000000
1, 1.72, 269500.000000
1, 1.71, 123500.000000
1, 1.70, 30400.000000
1, 1.69, 90700.000000
1, 1.68, 49800.000000
1, 1.67, 31700.000000
1, 1.66, 39100.000000
1, 1.65, 125100.000000
1, 1.64, 83800.000000
1, 1.63, 135600.000000
1, 1.62, 95000.000000
1, 1.61, 14400.000000
2, 1.60, 203300.000000
2, 1.59, 236200.000000
2, 1.58, 284600.000000
2, 1.57, 26000.000000
2, 1.56, 19000.000000
2, 1.55, 16300.000000
2, 1.54, 26300.000000
2, 1.53, 9400.000000
2, 1.52, 25100.000000
2, 1.51, 23000.000000
2, 1.50, 96000.000000
2, 1.49, 33500.000000
2, 1.48, 7100.000000
2, 1.47, 5700.000000
2, 1.46, 4100.000000
@, 1.60, 1.61
1, 1.76, 57600.000000
1, 1.75, 43300.000000
1, 1.74, 70400.000000
1, 1.73, 96400.000000
1, 1.72, 269500.000000
1, 1.71, 123500.000000
1, 1.70, 30400.000000
1, 1.69, 90700.000000
1, 1.68, 49800.000000
1, 1.67, 31700.000000
1, 1.66, 39100.000000
1, 1.65, 125100.000000
1, 1.64, 83800.000000
1, 1.63, 135600.000000
1, 1.62, 95000.000000
1, 1.61, 14400.000000
2, 1.60, 203300.000000
2, 1.59, 236200.000000
2, 1.58, 284600.000000
2, 1.57, 26000.000000
2, 1.56, 19000.000000
2, 1.55, 16300.000000
2, 1.54, 26300.000000
2, 1.53, 9400.000000
2, 1.52, 25100.000000
2, 1.51, 23000.000000
2, 1.50, 96000.000000
2, 1.49, 33500.000000
2, 1.48, 7100.000000
2, 1.47, 5700.000000
2, 1.46, 4100.000000
@, 1.60, 1.61
1, 1.76, 57600.000000
1, 1.75, 43300.000000
1, 1.74, 70400.000000
1, 1.73, 96400.000000
1, 1.72, 269500.000000
1, 1.71, 123500.000000
1, 1.70, 30400.000000
1, 1.69, 90700.000000
1, 1.68, 49800.000000
1, 1.67, 31700.000000
1, 1.66, 39100.000000
1, 1.65, 125100.000000
1, 1.64, 83800.000000
1, 1.63, 135600.000000
1, 1.62, 95000.000000
1, 1.61, 14400.000000
2, 1.60, 203300.000000
2, 1.59, 236200.000000
2, 1.58, 284600.000000
2, 1.57, 26000.000000
2, 1.56, 19000.000000
2, 1.55, 16300.000000
2, 1.54, 26300.000000
2, 1.53, 9400.000000
2, 1.52, 25100.000000
2, 1.51, 23000.000000
2, 1.50, 96000.000000
2, 1.49, 33500.000000
2, 1.48, 7100.000000
2, 1.47, 5700.000000
2, 1.46, 4100.000000
@, 1.60, 1.61
1, 1.76, 57600.000000
1, 1.75, 43300.000000
1, 1.74, 70400.000000
1, 1.73, 96400.000000
1, 1.72, 269500.000000
1, 1.71, 123500.000000
1, 1.70, 30400.000000
1, 1.69, 90700.000000
1, 1.68, 49800.000000
1, 1.67, 31700.000000
1, 1.66, 39100.000000
1, 1.65, 125100.000000
1, 1.64, 83800.000000
1, 1.63, 135600.000000
1, 1.62, 95000.000000
1, 1.61, 14400.000000
2, 1.60, 203300.000000
2, 1.59, 236200.000000
2, 1.58, 284600.000000
2, 1.57, 26000.000000
2, 1.56, 19000.000000
2, 1.55, 16300.000000
2, 1.54, 26300.000000
2, 1.53, 9400.000000
2, 1.52, 25100.000000
2, 1.51, 23000.000000
2, 1.50, 96000.000000
2, 1.49, 33500.000000
2, 1.48, 7100.000000
2, 1.47, 5700.000000
2, 1.46, 4100.000000
@, 1.60, 1.61
1, 1.76, 57600.000000
1, 1.75, 43300.000000
1, 1.74, 70400.000000
1, 1.73, 96400.000000
1, 1.72, 269500.000000
1, 1.71, 123500.000000
1, 1.70, 30400.000000
1, 1.69, 90700.000000
1, 1.68, 49800.000000
1, 1.67, 31700.000000
1, 1.66, 39100.000000
1, 1.65, 125100.000000
1, 1.64, 83800.000000
1, 1.63, 135600.000000
1, 1.62, 95000.000000
1, 1.61, 14400.000000
2, 1.60, 203300.000000
2, 1.59, 236200.000000
2, 1.58, 284600.000000
2, 1.57, 26000.000000
2, 1.56, 19000.000000
2, 1.55, 16300.000000
2, 1.54, 26300.000000
2, 1.53, 9400.000000
2, 1.52, 25100.000000
2, 1.51, 23000.000000
2, 1.50, 96000.000000
2, 1.49, 33500.000000
2, 1.48, 7100.000000
2, 1.47, 5700.000000
2, 1.46, 4100.000000
@, 1.60, 1.61
1, 1.76, 57600.000000
1, 1.75, 43300.000000
1, 1.74, 70400.000000
1, 1.73, 96400.000000
1, 1.72, 269500.000000
1, 1.71, 123500.000000
1, 1.70, 30400.000000
1, 1.69, 90700.000000
1, 1.68, 49800.000000
1, 1.67, 31700.000000
1, 1.66, 39100.000000
1, 1.65, 125100.000000
1, 1.64, 83800.000000
1, 1.63, 135600.000000
1, 1.62, 95000.000000
1, 1.61, 14400.000000
2, 1.60, 203300.000000
2, 1.59, 236200.000000
2, 1.58, 284600.000000
2, 1.57, 26000.000000
2, 1.56, 19000.000000
2, 1.55, 16300.000000
2, 1.54, 26300.000000
2, 1.53, 9400.000000
2, 1.52, 25100.000000
2, 1.51, 23000.000000
2, 1.50, 96000.000000
2, 1.49, 33500.000000
2, 1.48, 7100.000000
2, 1.47, 5700.000000
2, 1.46, 4100.000000
@, 1.60, 1.61
1, 1.76, 57600.000000
1, 1.75, 43300.000000
1, 1.74, 70400.000000
1, 1.73, 96400.000000
1, 1.72, 269500.000000
1, 1.71, 123500.000000
1, 1.70, 30400.000000
1, 1.69, 90700.000000
1, 1.68, 49800.000000
1, 1.67, 31700.000000
1, 1.66, 39100.000000
1, 1.65, 125100.000000
1, 1.64, 83800.000000
1, 1.63, 135600.000000
1, 1.62, 95000.000000
1, 1.61, 14400.000000
2, 1.60, 203300.000000
2, 1.59, 236200.000000
2, 1.58, 284600.000000
2, 1.57, 26000.000000
2, 1.56, 19000.000000
2, 1.55, 16300.000000
2, 1.54, 26300.000000
2, 1.53, 9400.000000
2, 1.52, 25100.000000
2, 1.51, 23000.000000
2, 1.50, 96000.000000
2, 1.49, 33500.000000
2, 1.48, 7100.000000
2, 1.47, 5700.000000
2, 1.46, 4100.000000
@, 1.60, 1.61
1, 1.76, 57600.000000
1, 1.75, 43300.000000
1, 1.74, 70400.000000
1, 1.73, 96400.000000
1, 1.72, 269500.000000
1, 1.71, 123500.000000
1, 1.70, 30400.000000
1, 1.69, 90700.000000
1, 1.68, 49800.000000
1, 1.67, 31700.000000
1, 1.66, 39100.000000
1, 1.65, 125100.000000
1, 1.64, 83800.000000
1, 1.63, 135600.000000
1, 1.62, 95000.000000
1, 1.61, 14400.000000
2, 1.60, 203300.000000
2, 1.59, 236200.000000
2, 1.58, 284600.000000
2, 1.57, 26000.000000
2, 1.56, 19000.000000
2, 1.55, 16300.000000
2, 1.54, 26300.000000
2, 1.53, 9400.000000
2, 1.52, 25100.000000
2, 1.51, 23000.000000
2, 1.50, 96000.000000
2, 1.49, 33500.000000
2, 1.48, 7100.000000
2, 1.47, 5700.000000
2, 1.46, 4100.000000
@