, 12.45, 13.09
1, 37.00, 100.000000
1, 26.00, 200.000000
1, 25.96, 200.000000
1, 24.50, 500.000000
1, 22.00, 100.000000
1, 19.00, 100.000000
1, 16.50, 500.000000
1, 16.03, 100.000000
1, 16.00, 100.000000
1, 15.00, 200.000000
1, 14.97, 500.000000
1, 13.96, 400.000000
1, 13.95, 300.000000
1, 13.90, 400.000000
1, 13.10, 400.000000
1, 13.09, 100.000000
2, 12.45, 100.000000
2, 12.31, 100.000000
2, 9.80, 100.000000
2, 9.50, 100.000000
@, 12.45, 13.09
1, 37.00, 100.000000
1, 26.00, 200.000000
1, 25.96, 200.000000
1, 24.50, 500.000000
1, 22.00, 100.000000
1, 19.00, 100.000000
1, 16.50, 500.000000
1, 16.03, 100.000000
1, 16.00, 100.000000
1, 15.00, 200.000000
1, 14.97, 500.000000
1, 13.96, 400.000000
1, 13.95, 300.000000
1, 13.90, 400.000000
1, 13.10, 400.000000
1, 13.09, 100.000000
2, 12.45, 100.000000
2, 12.31, 100.000000
2, 9.80, 100.000000
2, 9.50, 100.000000
@, 12.45, 13.09
1, 37.00, 100.000000
1, 26.00, 200.000000
1, 25.96, 200.000000
1, 24.50, 500.000000
1, 22.00, 100.000000
1, 19.00, 100.000000
1, 16.50, 500.000000
1, 16.03, 100.000000
1, 16.00, 100.000000
1, 15.00, 200.000000
1, 14.97, 500.000000
1, 13.96, 400.000000
1, 13.95, 300.000000
1, 13.90, 400.000000
1, 13.10, 400.000000
1, 13.09, 100.000000
2, 12.45, 100.000000
2, 12.31, 100.000000
2, 9.80, 100.000000
2, 9.50, 100.000000
@, 12.45, 13.09
1, 37.00, 100.000000
1, 26.00, 200.000000
1, 25.96, 200.000000
1, 24.50, 500.000000
1, 22.00, 100.000000
1, 19.00, 100.000000
1, 16.50, 500.000000
1, 16.03, 100.000000
1, 16.00, 100.000000
1, 15.00, 200.000000
1, 14.97, 500.000000
1, 13.96, 400.000000
1, 13.95, 300.000000
1, 13.90, 400.000000
1, 13.10, 400.000000
1, 13.09, 100.000000
2, 12.45, 100.000000
2, 12.31, 100.000000
2, 9.80, 100.000000
2, 9.50, 100.000000
@, 12.45, 13.09
1, 37.00, 100.000000
1, 26.00, 200.000000
1, 25.96, 200.000000
1, 24.50, 500.000000
1, 22.00, 100.000000
1, 19.00, 100.000000
1, 16.50, 500.000000
1, 16.03, 100.000000
1, 16.00, 100.000000
1, 15.00, 200.000000
1, 14.97, 500.000000
1, 13.96, 400.000000
1, 13.95, 300.000000
1, 13.90, 400.000000
1, 13.10, 400.000000
1, 13.09, 100.000000
2, 12.45, 100.000000
2, 12.31, 100.000000
2, 9.80, 100.000000
2, 9.50, 100.000000
@, 12.45, 13.09
1, 37.00, 100.000000
1, 26.00, 200.000000
1, 25.96, 200.000000
1, 24.50, 500.000000
1, 22.00, 100.000000
1, 19.00, 100.000000
1, 16.50, 500.000000
1, 16.03, 100.000000
1, 16.00, 100.000000
1, 15.00, 200.000000
1, 14.97, 500.000000
1, 13.96, 400.000000
1, 13.95, 300.000000
1, 13.90, 400.000000
1, 13.10, 400.000000
1, 13.09, 100.000000
2, 12.45, 100.000000
2, 12.31, 100.000000
2, 9.80, 100.000000
2, 9.50, 100.000000
@, 12.45, 13.09
1, 37.00, 100.000000
1, 26.00, 200.000000
1, 25.96, 200.000000
1, 24.50, 500.000000
1, 22.00, 100.000000
1, 19.00, 100.000000
1, 16.50, 500.000000
1, 16.03, 100.000000
1, 16.00, 100.000000
1, 15.00, 200.000000
1, 14.97, 500.000000
1, 13.96, 400.000000
1, 13.95, 300.000000
1, 13.90, 400.000000
1, 13.10, 400.000000
1, 13.09, 100.000000
2, 12.45, 100.000000
2, 12.31, 100.000000
2, 9.80, 100.000000
2, 9.50, 100.000000
@, 12.45, 13.09
1, 37.00, 100.000000
1, 26.00, 200.000000
1, 25.96, 200.000000
1, 24.50, 500.000000
1, 22.00, 100.000000
1, 19.00, 100.000000
1, 16.50, 500.000000
1, 16.03, 100.000000
1, 16.00, 100.000000
1, 15.00, 200.000000
1, 14.97, 500.000000
1, 13.96, 400.000000
1, 13.95, 300.000000
1, 13.90, 400.000000
1, 13.10, 400.000000
1, 13.09, 100.000000
2, 12.45, 100.000000
2, 12.31, 100.000000
2, 9.80, 100.000000
2, 9.50, 100.000000
@, 12.45, 13.09
1, 37.00, 100.000000
1, 26.00, 200.000000
1, 25.96, 200.000000
1, 24.50, 500.000000
1, 22.00, 100.000000
1, 19.00, 100.000000
1, 16.50, 500.000000
1, 16.03, 100.000000
1, 16.00, 100.000000
1, 15.00, 200.000000
1, 14.97, 500.000000
1, 13.96, 400.000000
1, 13.95, 300.000000
1, 13.90, 400.000000
1, 13.10, 400.000000
1, 13.09, 100.000000
2, 12.45, 100.000000
2, 12.31, 100.000000
2, 9.80, 100.000000
2, 9.50, 100.000000
@, 12.45, 13.09
1, 37.00, 100.000000
1, 26.00, 200.000000
1, 25.96, 200.000000
1, 24.50, 500.000000
1, 22.00, 100.000000
1, 19.00, 100.000000
1, 16.50, 500.000000
1, 16.03, 100.000000
1, 16.00, 100.000000
1, 15.00, 200.000000
1, 14.97, 500.000000
1, 13.96, 400.000000
1, 13.95, 300.000000
1, 13.90, 400.000000
1, 13.10, 400.000000
1, 13.09, 100.000000
2, 12.45, 100.000000
2, 12.31, 100.000000
2, 9.80, 100.000000
2, 9.50, 100.000000
@