, 6.95, 7.00
1, 7.40, 200.000000
1, 7.37, 6300.000000
1, 7.35, 600.000000
1, 7.31, 500.000000
1, 7.30, 700.000000
1, 7.29, 800.000000
1, 7.25, 2800.000000
1, 7.21, 200.000000
1, 7.20, 1300.000000
1, 7.18, 1800.000000
1, 7.17, 100.000000
1, 7.14, 200.000000
1, 7.10, 1000.000000
1, 7.08, 800.000000
1, 7.06, 100.000000
1, 7.00, 1300.000000
2, 6.95, 100.000000
2, 6.94, 400.000000
2, 6.93, 5000.000000
2, 6.92, 100.000000
2, 6.91, 100.000000
2, 6.90, 400.000000
2, 6.85, 900.000000
2, 6.82, 800.000000
2, 6.81, 1500.000000
2, 6.80, 2200.000000
2, 6.75, 100.000000
2, 6.65, 500.000000
2, 6.57, 500.000000
2, 6.56, 2000.000000
2, 6.55, 700.000000
@, 6.95, 7.00
1, 7.40, 200.000000
1, 7.37, 6300.000000
1, 7.35, 600.000000
1, 7.31, 500.000000
1, 7.30, 700.000000
1, 7.29, 800.000000
1, 7.25, 2800.000000
1, 7.21, 200.000000
1, 7.20, 1300.000000
1, 7.18, 1800.000000
1, 7.17, 100.000000
1, 7.14, 200.000000
1, 7.10, 1000.000000
1, 7.08, 800.000000
1, 7.06, 100.000000
1, 7.00, 1300.000000
2, 6.95, 100.000000
2, 6.94, 400.000000
2, 6.93, 5000.000000
2, 6.92, 100.000000
2, 6.91, 100.000000
2, 6.90, 400.000000
2, 6.85, 900.000000
2, 6.82, 800.000000
2, 6.81, 1500.000000
2, 6.80, 2200.000000
2, 6.75, 100.000000
2, 6.65, 500.000000
2, 6.57, 500.000000
2, 6.56, 2000.000000
2, 6.55, 700.000000
@, 6.95, 7.00
1, 7.40, 200.000000
1, 7.37, 6300.000000
1, 7.35, 600.000000
1, 7.31, 500.000000
1, 7.30, 700.000000
1, 7.29, 800.000000
1, 7.25, 2800.000000
1, 7.21, 200.000000
1, 7.20, 1300.000000
1, 7.18, 1800.000000
1, 7.17, 100.000000
1, 7.14, 200.000000
1, 7.10, 1000.000000
1, 7.08, 800.000000
1, 7.06, 100.000000
1, 7.00, 1300.000000
2, 6.95, 100.000000
2, 6.94, 400.000000
2, 6.93, 5000.000000
2, 6.92, 100.000000
2, 6.91, 100.000000
2, 6.90, 400.000000
2, 6.85, 900.000000
2, 6.82, 800.000000
2, 6.81, 1500.000000
2, 6.80, 2200.000000
2, 6.75, 100.000000
2, 6.65, 500.000000
2, 6.57, 500.000000
2, 6.56, 2000.000000
2, 6.55, 700.000000
@, 6.95, 7.00
1, 7.40, 200.000000
1, 7.37, 6300.000000
1, 7.35, 600.000000
1, 7.31, 500.000000
1, 7.30, 700.000000
1, 7.29, 800.000000
1, 7.25, 2800.000000
1, 7.21, 200.000000
1, 7.20, 1300.000000
1, 7.18, 1800.000000
1, 7.17, 100.000000
1, 7.14, 200.000000
1, 7.10, 1000.000000
1, 7.08, 800.000000
1, 7.06, 100.000000
1, 7.00, 1300.000000
2, 6.95, 100.000000
2, 6.94, 400.000000
2, 6.93, 5000.000000
2, 6.92, 100.000000
2, 6.91, 100.000000
2, 6.90, 400.000000
2, 6.85, 900.000000
2, 6.82, 800.000000
2, 6.81, 1500.000000
2, 6.80, 2200.000000
2, 6.75, 100.000000
2, 6.65, 500.000000
2, 6.57, 500.000000
2, 6.56, 2000.000000
2, 6.55, 700.000000
@, 6.95, 7.00
1, 7.40, 200.000000
1, 7.37, 6300.000000
1, 7.35, 600.000000
1, 7.31, 500.000000
1, 7.30, 700.000000
1, 7.29, 800.000000
1, 7.25, 2800.000000
1, 7.21, 200.000000
1, 7.20, 1300.000000
1, 7.18, 1800.000000
1, 7.17, 100.000000
1, 7.14, 200.000000
1, 7.10, 1000.000000
1, 7.08, 800.000000
1, 7.06, 100.000000
1, 7.00, 1300.000000
2, 6.95, 100.000000
2, 6.94, 400.000000
2, 6.93, 5000.000000
2, 6.92, 100.000000
2, 6.91, 100.000000
2, 6.90, 400.000000
2, 6.85, 900.000000
2, 6.82, 800.000000
2, 6.81, 1500.000000
2, 6.80, 2200.000000
2, 6.75, 100.000000
2, 6.65, 500.000000
2, 6.57, 500.000000
2, 6.56, 2000.000000
2, 6.55, 700.000000
@, 6.95, 7.00
1, 7.40, 200.000000
1, 7.37, 6300.000000
1, 7.35, 600.000000
1, 7.31, 500.000000
1, 7.30, 700.000000
1, 7.29, 800.000000
1, 7.25, 2800.000000
1, 7.21, 200.000000
1, 7.20, 1300.000000
1, 7.18, 1800.000000
1, 7.17, 100.000000
1, 7.14, 200.000000
1, 7.10, 1000.000000
1, 7.08, 800.000000
1, 7.06, 100.000000
1, 7.00, 1300.000000
2, 6.95, 100.000000
2, 6.94, 400.000000
2, 6.93, 5000.000000
2, 6.92, 100.000000
2, 6.91, 100.000000
2, 6.90, 400.000000
2, 6.85, 900.000000
2, 6.82, 800.000000
2, 6.81, 1500.000000
2, 6.80, 2200.000000
2, 6.75, 100.000000
2, 6.65, 500.000000
2, 6.57, 500.000000
2, 6.56, 2000.000000
2, 6.55, 700.000000
@, 6.95, 7.00
1, 7.40, 200.000000
1, 7.37, 6300.000000
1, 7.35, 600.000000
1, 7.31, 500.000000
1, 7.30, 700.000000
1, 7.29, 800.000000
1, 7.25, 2800.000000
1, 7.21, 200.000000
1, 7.20, 1300.000000
1, 7.18, 1800.000000
1, 7.17, 100.000000
1, 7.14, 200.000000
1, 7.10, 1000.000000
1, 7.08, 800.000000
1, 7.06, 100.000000
1, 7.00, 1300.000000
2, 6.95, 100.000000
2, 6.94, 400.000000
2, 6.93, 5000.000000
2, 6.92, 100.000000
2, 6.91, 100.000000
2, 6.90, 400.000000
2, 6.85, 900.000000
2, 6.82, 800.000000
2, 6.81, 1500.000000
2, 6.80, 2200.000000
2, 6.75, 100.000000
2, 6.65, 500.000000
2, 6.57, 500.000000
2, 6.56, 2000.000000
2, 6.55, 700.000000
@, 6.95, 7.00
1, 7.40, 200.000000
1, 7.37, 6300.000000
1, 7.35, 600.000000
1, 7.31, 500.000000
1, 7.30, 700.000000
1, 7.29, 800.000000
1, 7.25, 2800.000000
1, 7.21, 200.000000
1, 7.20, 1300.000000
1, 7.18, 1800.000000
1, 7.17, 100.000000
1, 7.14, 200.000000
1, 7.10, 1000.000000
1, 7.08, 800.000000
1, 7.06, 100.000000
1, 7.00, 1300.000000
2, 6.95, 100.000000
2, 6.94, 400.000000
2, 6.93, 5000.000000
2, 6.92, 100.000000
2, 6.91, 100.000000
2, 6.90, 400.000000
2, 6.85, 900.000000
2, 6.82, 800.000000
2, 6.81, 1500.000000
2, 6.80, 2200.000000
2, 6.75, 100.000000
2, 6.65, 500.000000
2, 6.57, 500.000000
2, 6.56, 2000.000000
2, 6.55, 700.000000
@, 6.95, 7.00
1, 7.40, 200.000000
1, 7.37, 6300.000000
1, 7.35, 600.000000
1, 7.31, 500.000000
1, 7.30, 700.000000
1, 7.29, 800.000000
1, 7.25, 2800.000000
1, 7.21, 200.000000
1, 7.20, 1300.000000
1, 7.18, 1800.000000
1, 7.17, 100.000000
1, 7.14, 200.000000
1, 7.10, 1000.000000
1, 7.08, 800.000000
1, 7.06, 100.000000
1, 7.00, 1300.000000
2, 6.95, 100.000000
2, 6.94, 400.000000
2, 6.93, 5000.000000
2, 6.92, 100.000000
2, 6.91, 100.000000
2, 6.90, 400.000000
2, 6.85, 900.000000
2, 6.82, 800.000000
2, 6.81, 1500.000000
2, 6.80, 2200.000000
2, 6.75, 100.000000
2, 6.65, 500.000000
2, 6.57, 500.000000
2, 6.56, 2000.000000
2, 6.55, 700.000000
@, 6.95, 7.00
1, 7.40, 200.000000
1, 7.37, 6300.000000
1, 7.35, 600.000000
1, 7.31, 500.000000
1, 7.30, 700.000000
1, 7.29, 800.000000
1, 7.25, 2800.000000
1, 7.21, 200.000000
1, 7.20, 1300.000000
1, 7.18, 1800.000000
1, 7.17, 100.000000
1, 7.14, 200.000000
1, 7.10, 1000.000000
1, 7.08, 800.000000
1, 7.06, 100.000000
1, 7.00, 1300.000000
2, 6.95, 100.000000
2, 6.94, 400.000000
2, 6.93, 5000.000000
2, 6.92, 100.000000
2, 6.91, 100.000000
2, 6.90, 400.000000
2, 6.85, 900.000000
2, 6.82, 800.000000
2, 6.81, 1500.000000
2, 6.80, 2200.000000
2, 6.75, 100.000000
2, 6.65, 500.000000
2, 6.57, 500.000000
2, 6.56, 2000.000000
2, 6.55, 700.000000
@