, 15.94, 15.95
1, 16.10, 3600.000000
1, 16.09, 4900.000000
1, 16.08, 1500.000000
1, 16.07, 10400.000000
1, 16.06, 6400.000000
1, 16.05, 10400.000000
1, 16.04, 1900.000000
1, 16.03, 400.000000
1, 16.02, 5500.000000
1, 16.01, 2700.000000
1, 16.00, 4100.000000
1, 15.99, 1000.000000
1, 15.98, 1700.000000
1, 15.97, 2500.000000
1, 15.96, 1400.000000
1, 15.95, 900.000000
2, 15.94, 300.000000
2, 15.93, 1200.000000
2, 15.92, 500.000000
2, 15.91, 4600.000000
2, 15.90, 5700.000000
2, 15.89, 400.000000
2, 15.88, 1200.000000
2, 15.87, 900.000000
2, 15.86, 1700.000000
2, 15.85, 700.000000
2, 15.84, 16200.000000
2, 15.83, 5500.000000
2, 15.82, 6800.000000
2, 15.81, 400.000000
2, 15.80, 2700.000000
@, 15.94, 15.95
1, 16.10, 3600.000000
1, 16.09, 4900.000000
1, 16.08, 1500.000000
1, 16.07, 10400.000000
1, 16.06, 6400.000000
1, 16.05, 10400.000000
1, 16.04, 1900.000000
1, 16.03, 400.000000
1, 16.02, 5500.000000
1, 16.01, 2700.000000
1, 16.00, 4100.000000
1, 15.99, 1000.000000
1, 15.98, 1700.000000
1, 15.97, 2500.000000
1, 15.96, 1400.000000
1, 15.95, 900.000000
2, 15.94, 300.000000
2, 15.93, 1200.000000
2, 15.92, 500.000000
2, 15.91, 4600.000000
2, 15.90, 5700.000000
2, 15.89, 400.000000
2, 15.88, 1200.000000
2, 15.87, 900.000000
2, 15.86, 1700.000000
2, 15.85, 700.000000
2, 15.84, 16200.000000
2, 15.83, 5500.000000
2, 15.82, 6800.000000
2, 15.81, 400.000000
2, 15.80, 2700.000000
@, 15.94, 15.95
1, 16.10, 3600.000000
1, 16.09, 4900.000000
1, 16.08, 1500.000000
1, 16.07, 10400.000000
1, 16.06, 6400.000000
1, 16.05, 10400.000000
1, 16.04, 1900.000000
1, 16.03, 400.000000
1, 16.02, 5500.000000
1, 16.01, 2700.000000
1, 16.00, 4100.000000
1, 15.99, 1000.000000
1, 15.98, 1700.000000
1, 15.97, 2500.000000
1, 15.96, 1400.000000
1, 15.95, 900.000000
2, 15.94, 300.000000
2, 15.93, 1200.000000
2, 15.92, 500.000000
2, 15.91, 4600.000000
2, 15.90, 5700.000000
2, 15.89, 400.000000
2, 15.88, 1200.000000
2, 15.87, 900.000000
2, 15.86, 1700.000000
2, 15.85, 700.000000
2, 15.84, 16200.000000
2, 15.83, 5500.000000
2, 15.82, 6800.000000
2, 15.81, 400.000000
2, 15.80, 2700.000000
@, 15.94, 15.95
1, 16.10, 3600.000000
1, 16.09, 4900.000000
1, 16.08, 1500.000000
1, 16.07, 10400.000000
1, 16.06, 6400.000000
1, 16.05, 10400.000000
1, 16.04, 1900.000000
1, 16.03, 400.000000
1, 16.02, 5500.000000
1, 16.01, 2700.000000
1, 16.00, 4100.000000
1, 15.99, 1000.000000
1, 15.98, 1700.000000
1, 15.97, 2500.000000
1, 15.96, 1400.000000
1, 15.95, 900.000000
2, 15.94, 300.000000
2, 15.93, 1200.000000
2, 15.92, 500.000000
2, 15.91, 4600.000000
2, 15.90, 5700.000000
2, 15.89, 400.000000
2, 15.88, 1200.000000
2, 15.87, 900.000000
2, 15.86, 1700.000000
2, 15.85, 700.000000
2, 15.84, 16200.000000
2, 15.83, 5500.000000
2, 15.82, 6800.000000
2, 15.81, 400.000000
2, 15.80, 2700.000000
@, 15.94, 15.95
1, 16.10, 3600.000000
1, 16.09, 4900.000000
1, 16.08, 1500.000000
1, 16.07, 10400.000000
1, 16.06, 6400.000000
1, 16.05, 10400.000000
1, 16.04, 1900.000000
1, 16.03, 400.000000
1, 16.02, 5500.000000
1, 16.01, 2700.000000
1, 16.00, 4100.000000
1, 15.99, 1000.000000
1, 15.98, 1700.000000
1, 15.97, 2500.000000
1, 15.96, 1400.000000
1, 15.95, 900.000000
2, 15.94, 300.000000
2, 15.93, 1200.000000
2, 15.92, 500.000000
2, 15.91, 4600.000000
2, 15.90, 5700.000000
2, 15.89, 400.000000
2, 15.88, 1200.000000
2, 15.87, 900.000000
2, 15.86, 1700.000000
2, 15.85, 700.000000
2, 15.84, 16200.000000
2, 15.83, 5500.000000
2, 15.82, 6800.000000
2, 15.81, 400.000000
2, 15.80, 2700.000000
@, 15.94, 15.95
1, 16.10, 3600.000000
1, 16.09, 4900.000000
1, 16.08, 1500.000000
1, 16.07, 10400.000000
1, 16.06, 6400.000000
1, 16.05, 10400.000000
1, 16.04, 1900.000000
1, 16.03, 400.000000
1, 16.02, 5500.000000
1, 16.01, 2700.000000
1, 16.00, 4100.000000
1, 15.99, 1000.000000
1, 15.98, 1700.000000
1, 15.97, 2500.000000
1, 15.96, 1400.000000
1, 15.95, 900.000000
2, 15.94, 300.000000
2, 15.93, 1200.000000
2, 15.92, 500.000000
2, 15.91, 4600.000000
2, 15.90, 5700.000000
2, 15.89, 400.000000
2, 15.88, 1200.000000
2, 15.87, 900.000000
2, 15.86, 1700.000000
2, 15.85, 700.000000
2, 15.84, 16200.000000
2, 15.83, 5500.000000
2, 15.82, 6800.000000
2, 15.81, 400.000000
2, 15.80, 2700.000000
@, 15.94, 15.95
1, 16.10, 3600.000000
1, 16.09, 4900.000000
1, 16.08, 1500.000000
1, 16.07, 10400.000000
1, 16.06, 6400.000000
1, 16.05, 10400.000000
1, 16.04, 1900.000000
1, 16.03, 400.000000
1, 16.02, 5500.000000
1, 16.01, 2700.000000
1, 16.00, 4100.000000
1, 15.99, 1000.000000
1, 15.98, 1700.000000
1, 15.97, 2500.000000
1, 15.96, 1500.000000
1, 15.95, 600.000000
2, 15.94, 300.000000
2, 15.93, 1200.000000
2, 15.92, 500.000000
2, 15.91, 4600.000000
2, 15.90, 5700.000000
2, 15.89, 400.000000
2, 15.88, 1200.000000
2, 15.87, 900.000000
2, 15.86, 1700.000000
2, 15.85, 700.000000
2, 15.84, 16200.000000
2, 15.83, 5500.000000
2, 15.82, 6800.000000
2, 15.81, 400.000000
2, 15.80, 2700.000000
@, 15.94, 15.95
1, 16.10, 3600.000000
1, 16.09, 4900.000000
1, 16.08, 1500.000000
1, 16.07, 10400.000000
1, 16.06, 6400.000000
1, 16.05, 10400.000000
1, 16.04, 1900.000000
1, 16.03, 400.000000
1, 16.02, 5500.000000
1, 16.01, 2700.000000
1, 16.00, 4100.000000
1, 15.99, 1000.000000
1, 15.98, 1700.000000
1, 15.97, 2500.000000
1, 15.96, 1500.000000
1, 15.95, 600.000000
2, 15.94, 300.000000
2, 15.93, 1200.000000
2, 15.92, 500.000000
2, 15.91, 4600.000000
2, 15.90, 5700.000000
2, 15.89, 400.000000
2, 15.88, 1200.000000
2, 15.87, 900.000000
2, 15.86, 1700.000000
2, 15.85, 700.000000
2, 15.84, 16200.000000
2, 15.83, 5500.000000
2, 15.82, 6800.000000
2, 15.81, 400.000000
2, 15.80, 2700.000000
@, 15.94, 15.95
1, 16.10, 3600.000000
1, 16.09, 4900.000000
1, 16.08, 1500.000000
1, 16.07, 10400.000000
1, 16.06, 6400.000000
1, 16.05, 10400.000000
1, 16.04, 1900.000000
1, 16.03, 400.000000
1, 16.02, 5500.000000
1, 16.01, 2700.000000
1, 16.00, 4100.000000
1, 15.99, 1000.000000
1, 15.98, 1700.000000
1, 15.97, 2500.000000
1, 15.96, 1500.000000
1, 15.95, 600.000000
2, 15.94, 300.000000
2, 15.93, 1200.000000
2, 15.92, 500.000000
2, 15.91, 4600.000000
2, 15.90, 5700.000000
2, 15.89, 400.000000
2, 15.88, 1200.000000
2, 15.87, 900.000000
2, 15.86, 1700.000000
2, 15.85, 700.000000
2, 15.84, 16200.000000
2, 15.83, 5500.000000
2, 15.82, 6800.000000
2, 15.81, 400.000000
2, 15.80, 2700.000000
@, 15.94, 15.95
1, 16.10, 3600.000000
1, 16.09, 4900.000000
1, 16.08, 1500.000000
1, 16.07, 10400.000000
1, 16.06, 6400.000000
1, 16.05, 10400.000000
1, 16.04, 1900.000000
1, 16.03, 400.000000
1, 16.02, 5500.000000
1, 16.01, 2700.000000
1, 16.00, 4100.000000
1, 15.99, 1000.000000
1, 15.98, 1700.000000
1, 15.97, 2600.000000
1, 15.96, 1500.000000
1, 15.95, 700.000000
2, 15.94, 300.000000
2, 15.93, 1200.000000
2, 15.92, 500.000000
2, 15.91, 4500.000000
2, 15.90, 5600.000000
2, 15.89, 400.000000
2, 15.88, 1200.000000
2, 15.87, 900.000000
2, 15.86, 1700.000000
2, 15.85, 700.000000
2, 15.84, 16200.000000
2, 15.83, 5500.000000
2, 15.82, 6800.000000
2, 15.81, 400.000000
2, 15.80, 2700.000000
@