, 27.12, 30.00
1, 35.00, 300.000000
1, 34.78, 100.000000
1, 34.00, 500.000000
1, 33.00, 400.000000
1, 32.99, 100.000000
1, 32.00, 200.000000
1, 31.98, 100.000000
1, 30.50, 200.000000
1, 30.00, 400.000000
2, 27.12, 300.000000
2, 27.10, 300.000000
2, 26.17, 200.000000
@, 27.12, 30.00
1, 35.00, 300.000000
1, 34.78, 100.000000
1, 34.00, 500.000000
1, 33.00, 400.000000
1, 32.99, 100.000000
1, 32.00, 200.000000
1, 31.98, 100.000000
1, 30.50, 200.000000
1, 30.00, 400.000000
2, 27.12, 300.000000
2, 27.10, 300.000000
2, 26.17, 200.000000
@, 27.12, 30.00
1, 35.00, 300.000000
1, 34.78, 100.000000
1, 34.00, 500.000000
1, 33.00, 400.000000
1, 32.99, 100.000000
1, 32.00, 200.000000
1, 31.98, 100.000000
1, 30.50, 200.000000
1, 30.00, 400.000000
2, 27.12, 300.000000
2, 27.10, 300.000000
2, 26.17, 200.000000
@, 27.12, 30.00
1, 35.00, 300.000000
1, 34.78, 100.000000
1, 34.00, 500.000000
1, 33.00, 400.000000
1, 32.99, 100.000000
1, 32.00, 200.000000
1, 31.98, 100.000000
1, 30.50, 200.000000
1, 30.00, 400.000000
2, 27.12, 300.000000
2, 27.10, 300.000000
2, 26.17, 200.000000
@, 27.12, 30.00
1, 35.00, 300.000000
1, 34.78, 100.000000
1, 34.00, 500.000000
1, 33.00, 400.000000
1, 32.99, 100.000000
1, 32.00, 200.000000
1, 31.98, 100.000000
1, 30.50, 200.000000
1, 30.00, 400.000000
2, 27.12, 300.000000
2, 27.10, 300.000000
2, 26.17, 200.000000
@, 27.12, 30.00
1, 35.00, 300.000000
1, 34.78, 100.000000
1, 34.00, 500.000000
1, 33.00, 400.000000
1, 32.99, 100.000000
1, 32.00, 200.000000
1, 31.98, 100.000000
1, 30.50, 200.000000
1, 30.00, 400.000000
2, 27.12, 300.000000
2, 27.10, 300.000000
2, 26.17, 200.000000
@, 27.12, 30.00
1, 35.00, 300.000000
1, 34.78, 100.000000
1, 34.00, 500.000000
1, 33.00, 400.000000
1, 32.99, 100.000000
1, 32.00, 200.000000
1, 31.98, 100.000000
1, 30.50, 200.000000
1, 30.00, 400.000000
2, 27.12, 300.000000
2, 27.10, 300.000000
2, 26.17, 200.000000
@, 27.12, 30.00
1, 35.00, 300.000000
1, 34.78, 100.000000
1, 34.00, 500.000000
1, 33.00, 400.000000
1, 32.99, 100.000000
1, 32.00, 200.000000
1, 31.98, 100.000000
1, 30.50, 200.000000
1, 30.00, 400.000000
2, 27.12, 300.000000
2, 27.10, 300.000000
2, 26.17, 200.000000
@, 27.12, 30.00
1, 35.00, 300.000000
1, 34.78, 100.000000
1, 34.00, 500.000000
1, 33.00, 400.000000
1, 32.99, 100.000000
1, 32.00, 200.000000
1, 31.98, 100.000000
1, 30.50, 200.000000
1, 30.00, 400.000000
2, 27.12, 300.000000
2, 27.10, 300.000000
2, 26.17, 200.000000
@, 27.12, 30.00
1, 35.00, 300.000000
1, 34.78, 100.000000
1, 34.00, 500.000000
1, 33.00, 400.000000
1, 32.99, 100.000000
1, 32.00, 200.000000
1, 31.98, 100.000000
1, 30.50, 200.000000
1, 30.00, 400.000000
2, 27.12, 300.000000
2, 27.10, 300.000000
2, 26.17, 200.000000
@