, 20.32, 20.33
1, 20.48, 600.000000
1, 20.47, 200.000000
1, 20.46, 900.000000
1, 20.45, 200.000000
1, 20.44, 500.000000
1, 20.43, 1000.000000
1, 20.42, 500.000000
1, 20.41, 600.000000
1, 20.40, 700.000000
1, 20.39, 400.000000
1, 20.38, 300.000000
1, 20.37, 800.000000
1, 20.36, 400.000000
1, 20.35, 400.000000
1, 20.34, 200.000000
1, 20.33, 400.000000
2, 20.32, 1000.000000
2, 20.31, 1900.000000
2, 20.30, 1900.000000
2, 20.29, 500.000000
2, 20.28, 1000.000000
2, 20.27, 600.000000
2, 20.26, 600.000000
2, 20.25, 2600.000000
2, 20.24, 2500.000000
2, 20.23, 3100.000000
2, 20.22, 1300.000000
2, 20.21, 200.000000
2, 20.20, 6100.000000
2, 20.19, 700.000000
2, 20.18, 600.000000
@, 20.32, 20.34
1, 20.49, 600.000000
1, 20.48, 600.000000
1, 20.47, 200.000000
1, 20.46, 900.000000
1, 20.45, 200.000000
1, 20.44, 500.000000
1, 20.43, 1000.000000
1, 20.42, 500.000000
1, 20.41, 600.000000
1, 20.40, 700.000000
1, 20.39, 400.000000
1, 20.38, 300.000000
1, 20.37, 800.000000
1, 20.36, 400.000000
1, 20.35, 400.000000
1, 20.34, 300.000000
2, 20.32, 1000.000000
2, 20.31, 1900.000000
2, 20.30, 1900.000000
2, 20.29, 500.000000
2, 20.28, 1000.000000
2, 20.27, 600.000000
2, 20.26, 600.000000
2, 20.25, 2600.000000
2, 20.24, 2500.000000
2, 20.23, 3100.000000
2, 20.22, 1300.000000
2, 20.21, 200.000000
2, 20.20, 6100.000000
2, 20.19, 700.000000
2, 20.18, 600.000000
@, 20.32, 20.34
1, 20.49, 600.000000
1, 20.48, 600.000000
1, 20.47, 200.000000
1, 20.46, 900.000000
1, 20.45, 200.000000
1, 20.44, 500.000000
1, 20.43, 1000.000000
1, 20.42, 500.000000
1, 20.41, 600.000000
1, 20.40, 700.000000
1, 20.39, 400.000000
1, 20.38, 300.000000
1, 20.37, 800.000000
1, 20.36, 400.000000
1, 20.35, 400.000000
1, 20.34, 300.000000
2, 20.32, 1000.000000
2, 20.31, 1900.000000
2, 20.30, 1900.000000
2, 20.29, 500.000000
2, 20.28, 1000.000000
2, 20.27, 600.000000
2, 20.26, 600.000000
2, 20.25, 2600.000000
2, 20.24, 2500.000000
2, 20.23, 3100.000000
2, 20.22, 1300.000000
2, 20.21, 200.000000
2, 20.20, 6100.000000
2, 20.19, 700.000000
2, 20.18, 600.000000
@, 20.32, 20.34
1, 20.49, 600.000000
1, 20.48, 600.000000
1, 20.47, 200.000000
1, 20.46, 900.000000
1, 20.45, 200.000000
1, 20.44, 500.000000
1, 20.43, 1000.000000
1, 20.42, 500.000000
1, 20.41, 600.000000
1, 20.40, 700.000000
1, 20.39, 400.000000
1, 20.38, 300.000000
1, 20.37, 800.000000
1, 20.36, 400.000000
1, 20.35, 400.000000
1, 20.34, 300.000000
2, 20.32, 1000.000000
2, 20.31, 1900.000000
2, 20.30, 1900.000000
2, 20.29, 500.000000
2, 20.28, 1000.000000
2, 20.27, 600.000000
2, 20.26, 600.000000
2, 20.25, 2600.000000
2, 20.24, 2500.000000
2, 20.23, 3100.000000
2, 20.22, 1300.000000
2, 20.21, 200.000000
2, 20.20, 6100.000000
2, 20.19, 700.000000
2, 20.18, 600.000000
@, 20.32, 20.34
1, 20.49, 600.000000
1, 20.48, 600.000000
1, 20.47, 200.000000
1, 20.46, 900.000000
1, 20.45, 200.000000
1, 20.44, 500.000000
1, 20.43, 1000.000000
1, 20.42, 500.000000
1, 20.41, 600.000000
1, 20.40, 700.000000
1, 20.39, 400.000000
1, 20.38, 300.000000
1, 20.37, 800.000000
1, 20.36, 400.000000
1, 20.35, 400.000000
1, 20.34, 300.000000
2, 20.32, 1000.000000
2, 20.31, 1900.000000
2, 20.30, 1900.000000
2, 20.29, 500.000000
2, 20.28, 1000.000000
2, 20.27, 600.000000
2, 20.26, 600.000000
2, 20.25, 2600.000000
2, 20.24, 2500.000000
2, 20.23, 3100.000000
2, 20.22, 1300.000000
2, 20.21, 200.000000
2, 20.20, 6100.000000
2, 20.19, 700.000000
2, 20.18, 600.000000
@, 20.32, 20.34
1, 20.49, 600.000000
1, 20.48, 600.000000
1, 20.47, 200.000000
1, 20.46, 900.000000
1, 20.45, 200.000000
1, 20.44, 500.000000
1, 20.43, 1000.000000
1, 20.42, 500.000000
1, 20.41, 600.000000
1, 20.40, 700.000000
1, 20.39, 400.000000
1, 20.38, 300.000000
1, 20.37, 800.000000
1, 20.36, 400.000000
1, 20.35, 400.000000
1, 20.34, 300.000000
2, 20.32, 1000.000000
2, 20.31, 1900.000000
2, 20.30, 1900.000000
2, 20.29, 500.000000
2, 20.28, 1000.000000
2, 20.27, 600.000000
2, 20.26, 600.000000
2, 20.25, 2600.000000
2, 20.24, 2500.000000
2, 20.23, 3100.000000
2, 20.22, 1300.000000
2, 20.21, 200.000000
2, 20.20, 6100.000000
2, 20.19, 700.000000
2, 20.18, 600.000000
@, 20.32, 20.34
1, 20.49, 600.000000
1, 20.48, 600.000000
1, 20.47, 200.000000
1, 20.46, 900.000000
1, 20.45, 200.000000
1, 20.44, 500.000000
1, 20.43, 1000.000000
1, 20.42, 500.000000
1, 20.41, 600.000000
1, 20.40, 700.000000
1, 20.39, 400.000000
1, 20.38, 300.000000
1, 20.37, 800.000000
1, 20.36, 400.000000
1, 20.35, 400.000000
1, 20.34, 300.000000
2, 20.32, 1000.000000
2, 20.31, 1900.000000
2, 20.30, 1900.000000
2, 20.29, 500.000000
2, 20.28, 1000.000000
2, 20.27, 600.000000
2, 20.26, 600.000000
2, 20.25, 2600.000000
2, 20.24, 2500.000000
2, 20.23, 3100.000000
2, 20.22, 1300.000000
2, 20.21, 200.000000
2, 20.20, 6100.000000
2, 20.19, 700.000000
2, 20.18, 600.000000
@, 20.32, 20.34
1, 20.49, 600.000000
1, 20.48, 600.000000
1, 20.47, 200.000000
1, 20.46, 900.000000
1, 20.45, 200.000000
1, 20.44, 500.000000
1, 20.43, 1000.000000
1, 20.42, 500.000000
1, 20.41, 600.000000
1, 20.40, 700.000000
1, 20.39, 400.000000
1, 20.38, 300.000000
1, 20.37, 800.000000
1, 20.36, 400.000000
1, 20.35, 400.000000
1, 20.34, 300.000000
2, 20.32, 1000.000000
2, 20.31, 1900.000000
2, 20.30, 1900.000000
2, 20.29, 500.000000
2, 20.28, 1000.000000
2, 20.27, 600.000000
2, 20.26, 600.000000
2, 20.25, 2600.000000
2, 20.24, 2500.000000
2, 20.23, 3100.000000
2, 20.22, 1300.000000
2, 20.21, 200.000000
2, 20.20, 6100.000000
2, 20.19, 700.000000
2, 20.18, 600.000000
@, 20.32, 20.34
1, 20.49, 600.000000
1, 20.48, 600.000000
1, 20.47, 200.000000
1, 20.46, 900.000000
1, 20.45, 200.000000
1, 20.44, 500.000000
1, 20.43, 1000.000000
1, 20.42, 500.000000
1, 20.41, 600.000000
1, 20.40, 700.000000
1, 20.39, 400.000000
1, 20.38, 300.000000
1, 20.37, 800.000000
1, 20.36, 400.000000
1, 20.35, 400.000000
1, 20.34, 300.000000
2, 20.32, 1000.000000
2, 20.31, 1900.000000
2, 20.30, 1900.000000
2, 20.29, 500.000000
2, 20.28, 1000.000000
2, 20.27, 600.000000
2, 20.26, 600.000000
2, 20.25, 2600.000000
2, 20.24, 2500.000000
2, 20.23, 3100.000000
2, 20.22, 1300.000000
2, 20.21, 200.000000
2, 20.20, 6100.000000
2, 20.19, 700.000000
2, 20.18, 600.000000
@, 20.32, 20.34
1, 20.49, 600.000000
1, 20.48, 600.000000
1, 20.47, 200.000000
1, 20.46, 900.000000
1, 20.45, 200.000000
1, 20.44, 500.000000
1, 20.43, 1000.000000
1, 20.42, 500.000000
1, 20.41, 600.000000
1, 20.40, 700.000000
1, 20.39, 400.000000
1, 20.38, 300.000000
1, 20.37, 800.000000
1, 20.36, 400.000000
1, 20.35, 400.000000
1, 20.34, 300.000000
2, 20.32, 1000.000000
2, 20.31, 1900.000000
2, 20.30, 1900.000000
2, 20.29, 500.000000
2, 20.28, 1000.000000
2, 20.27, 600.000000
2, 20.26, 600.000000
2, 20.25, 2600.000000
2, 20.24, 2500.000000
2, 20.23, 3100.000000
2, 20.22, 1300.000000
2, 20.21, 200.000000
2, 20.20, 6100.000000
2, 20.19, 700.000000
2, 20.18, 600.000000
@