, 31.48, 31.49
1, 31.64, 500.000000
1, 31.63, 400.000000
1, 31.62, 800.000000
1, 31.61, 300.000000
1, 31.60, 800.000000
1, 31.59, 600.000000
1, 31.58, 800.000000
1, 31.57, 500.000000
1, 31.56, 900.000000
1, 31.55, 1400.000000
1, 31.54, 500.000000
1, 31.53, 700.000000
1, 31.52, 800.000000
1, 31.51, 500.000000
1, 31.50, 500.000000
1, 31.49, 1000.000000
2, 31.48, 400.000000
2, 31.47, 1100.000000
2, 31.46, 900.000000
2, 31.45, 1100.000000
2, 31.44, 1000.000000
2, 31.43, 500.000000
2, 31.42, 1000.000000
2, 31.41, 400.000000
2, 31.40, 700.000000
2, 31.39, 900.000000
2, 31.38, 1500.000000
2, 31.37, 300.000000
2, 31.36, 600.000000
2, 31.35, 600.000000
2, 31.34, 500.000000
@, 31.48, 31.49
1, 31.64, 500.000000
1, 31.63, 400.000000
1, 31.62, 800.000000
1, 31.61, 300.000000
1, 31.60, 800.000000
1, 31.59, 600.000000
1, 31.58, 800.000000
1, 31.57, 500.000000
1, 31.56, 900.000000
1, 31.55, 1400.000000
1, 31.54, 500.000000
1, 31.53, 700.000000
1, 31.52, 800.000000
1, 31.51, 500.000000
1, 31.50, 500.000000
1, 31.49, 900.000000
2, 31.48, 600.000000
2, 31.47, 1100.000000
2, 31.46, 900.000000
2, 31.45, 1100.000000
2, 31.44, 1000.000000
2, 31.43, 500.000000
2, 31.42, 1000.000000
2, 31.41, 400.000000
2, 31.40, 700.000000
2, 31.39, 900.000000
2, 31.38, 1600.000000
2, 31.37, 300.000000
2, 31.36, 600.000000
2, 31.35, 600.000000
2, 31.34, 500.000000
@, 31.48, 31.49
1, 31.64, 500.000000
1, 31.63, 400.000000
1, 31.62, 800.000000
1, 31.61, 300.000000
1, 31.60, 800.000000
1, 31.59, 600.000000
1, 31.58, 800.000000
1, 31.57, 500.000000
1, 31.56, 900.000000
1, 31.55, 1400.000000
1, 31.54, 500.000000
1, 31.53, 700.000000
1, 31.52, 800.000000
1, 31.51, 500.000000
1, 31.50, 500.000000
1, 31.49, 900.000000
2, 31.48, 700.000000
2, 31.47, 1100.000000
2, 31.46, 900.000000
2, 31.45, 1100.000000
2, 31.44, 1000.000000
2, 31.43, 500.000000
2, 31.42, 1000.000000
2, 31.41, 400.000000
2, 31.40, 700.000000
2, 31.39, 900.000000
2, 31.38, 1600.000000
2, 31.37, 300.000000
2, 31.36, 600.000000
2, 31.35, 600.000000
2, 31.34, 500.000000
@, 31.48, 31.49
1, 31.64, 500.000000
1, 31.63, 400.000000
1, 31.62, 800.000000
1, 31.61, 300.000000
1, 31.60, 800.000000
1, 31.59, 600.000000
1, 31.58, 800.000000
1, 31.57, 500.000000
1, 31.56, 900.000000
1, 31.55, 1400.000000
1, 31.54, 500.000000
1, 31.53, 700.000000
1, 31.52, 800.000000
1, 31.51, 500.000000
1, 31.50, 500.000000
1, 31.49, 900.000000
2, 31.48, 800.000000
2, 31.47, 1100.000000
2, 31.46, 1000.000000
2, 31.45, 1100.000000
2, 31.44, 1000.000000
2, 31.43, 500.000000
2, 31.42, 1000.000000
2, 31.41, 400.000000
2, 31.40, 700.000000
2, 31.39, 900.000000
2, 31.38, 1600.000000
2, 31.37, 300.000000
2, 31.36, 600.000000
2, 31.35, 600.000000
2, 31.34, 500.000000
@, 31.48, 31.49
1, 31.64, 500.000000
1, 31.63, 400.000000
1, 31.62, 800.000000
1, 31.61, 300.000000
1, 31.60, 800.000000
1, 31.59, 600.000000
1, 31.58, 800.000000
1, 31.57, 500.000000
1, 31.56, 900.000000
1, 31.55, 1400.000000
1, 31.54, 500.000000
1, 31.53, 700.000000
1, 31.52, 800.000000
1, 31.51, 500.000000
1, 31.50, 500.000000
1, 31.49, 900.000000
2, 31.48, 800.000000
2, 31.47, 1100.000000
2, 31.46, 1000.000000
2, 31.45, 1100.000000
2, 31.44, 1000.000000
2, 31.43, 500.000000
2, 31.42, 1000.000000
2, 31.41, 400.000000
2, 31.40, 700.000000
2, 31.39, 900.000000
2, 31.38, 1600.000000
2, 31.37, 300.000000
2, 31.36, 600.000000
2, 31.35, 600.000000
2, 31.34, 500.000000
@, 31.48, 31.49
1, 31.64, 500.000000
1, 31.63, 400.000000
1, 31.62, 800.000000
1, 31.61, 300.000000
1, 31.60, 800.000000
1, 31.59, 600.000000
1, 31.58, 800.000000
1, 31.57, 500.000000
1, 31.56, 900.000000
1, 31.55, 1400.000000
1, 31.54, 500.000000
1, 31.53, 700.000000
1, 31.52, 800.000000
1, 31.51, 500.000000
1, 31.50, 500.000000
1, 31.49, 900.000000
2, 31.48, 800.000000
2, 31.47, 1100.000000
2, 31.46, 1000.000000
2, 31.45, 1100.000000
2, 31.44, 1000.000000
2, 31.43, 500.000000
2, 31.42, 1000.000000
2, 31.41, 400.000000
2, 31.40, 700.000000
2, 31.39, 900.000000
2, 31.38, 1600.000000
2, 31.37, 300.000000
2, 31.36, 600.000000
2, 31.35, 600.000000
2, 31.34, 500.000000
@, 31.48, 31.49
1, 31.64, 500.000000
1, 31.63, 400.000000
1, 31.62, 800.000000
1, 31.61, 300.000000
1, 31.60, 800.000000
1, 31.59, 600.000000
1, 31.58, 800.000000
1, 31.57, 500.000000
1, 31.56, 900.000000
1, 31.55, 1400.000000
1, 31.54, 500.000000
1, 31.53, 700.000000
1, 31.52, 800.000000
1, 31.51, 500.000000
1, 31.50, 500.000000
1, 31.49, 900.000000
2, 31.48, 800.000000
2, 31.47, 1100.000000
2, 31.46, 1000.000000
2, 31.45, 1100.000000
2, 31.44, 1000.000000
2, 31.43, 500.000000
2, 31.42, 1000.000000
2, 31.41, 400.000000
2, 31.40, 700.000000
2, 31.39, 900.000000
2, 31.38, 1600.000000
2, 31.37, 300.000000
2, 31.36, 600.000000
2, 31.35, 600.000000
2, 31.34, 500.000000
@, 31.48, 31.49
1, 31.64, 500.000000
1, 31.63, 400.000000
1, 31.62, 800.000000
1, 31.61, 300.000000
1, 31.60, 800.000000
1, 31.59, 600.000000
1, 31.58, 800.000000
1, 31.57, 500.000000
1, 31.56, 900.000000
1, 31.55, 1400.000000
1, 31.54, 500.000000
1, 31.53, 700.000000
1, 31.52, 800.000000
1, 31.51, 500.000000
1, 31.50, 500.000000
1, 31.49, 900.000000
2, 31.48, 800.000000
2, 31.47, 1100.000000
2, 31.46, 1000.000000
2, 31.45, 1100.000000
2, 31.44, 1000.000000
2, 31.43, 500.000000
2, 31.42, 1000.000000
2, 31.41, 400.000000
2, 31.40, 700.000000
2, 31.39, 900.000000
2, 31.38, 1600.000000
2, 31.37, 300.000000
2, 31.36, 600.000000
2, 31.35, 600.000000
2, 31.34, 500.000000
@, 31.48, 31.49
1, 31.64, 500.000000
1, 31.63, 400.000000
1, 31.62, 800.000000
1, 31.61, 300.000000
1, 31.60, 800.000000
1, 31.59, 600.000000
1, 31.58, 800.000000
1, 31.57, 500.000000
1, 31.56, 900.000000
1, 31.55, 1400.000000
1, 31.54, 500.000000
1, 31.53, 700.000000
1, 31.52, 800.000000
1, 31.51, 500.000000
1, 31.50, 500.000000
1, 31.49, 900.000000
2, 31.48, 800.000000
2, 31.47, 1100.000000
2, 31.46, 1000.000000
2, 31.45, 1100.000000
2, 31.44, 1000.000000
2, 31.43, 500.000000
2, 31.42, 1000.000000
2, 31.41, 400.000000
2, 31.40, 700.000000
2, 31.39, 900.000000
2, 31.38, 1600.000000
2, 31.37, 300.000000
2, 31.36, 600.000000
2, 31.35, 600.000000
2, 31.34, 500.000000
@, 31.48, 31.49
1, 31.64, 500.000000
1, 31.63, 400.000000
1, 31.62, 800.000000
1, 31.61, 300.000000
1, 31.60, 800.000000
1, 31.59, 600.000000
1, 31.58, 800.000000
1, 31.57, 500.000000
1, 31.56, 900.000000
1, 31.55, 1400.000000
1, 31.54, 500.000000
1, 31.53, 700.000000
1, 31.52, 800.000000
1, 31.51, 500.000000
1, 31.50, 500.000000
1, 31.49, 900.000000
2, 31.48, 800.000000
2, 31.47, 1100.000000
2, 31.46, 1000.000000
2, 31.45, 1100.000000
2, 31.44, 1000.000000
2, 31.43, 500.000000
2, 31.42, 1000.000000
2, 31.41, 400.000000
2, 31.40, 700.000000
2, 31.39, 900.000000
2, 31.38, 1600.000000
2, 31.37, 300.000000
2, 31.36, 600.000000
2, 31.35, 600.000000
2, 31.34, 500.000000
@