, 9.90, 9.91
1, 10.15, 3200.000000
1, 10.10, 5400.000000
1, 10.09, 200.000000
1, 10.05, 3200.000000
1, 10.02, 100.000000
1, 10.01, 200.000000
1, 10.00, 23800.000000
1, 9.99, 100.000000
1, 9.98, 200.000000
1, 9.97, 100.000000
1, 9.96, 5000.000000
1, 9.95, 4200.000000
1, 9.94, 2100.000000
1, 9.93, 3000.000000
1, 9.92, 4700.000000
1, 9.91, 500.000000
2, 9.90, 300.000000
2, 9.89, 13400.000000
2, 9.88, 100.000000
2, 9.87, 100.000000
2, 9.86, 1000.000000
2, 9.85, 6100.000000
2, 9.83, 41900.000000
2, 9.82, 100.000000
2, 9.80, 200.000000
2, 9.77, 3000.000000
2, 9.74, 1000.000000
2, 9.70, 3200.000000
2, 9.53, 100.000000
2, 9.40, 1700.000000
2, 8.99, 200.000000
@, 9.90, 9.91
1, 10.15, 3200.000000
1, 10.10, 5400.000000
1, 10.09, 200.000000
1, 10.05, 3200.000000
1, 10.02, 100.000000
1, 10.01, 200.000000
1, 10.00, 23800.000000
1, 9.99, 100.000000
1, 9.98, 200.000000
1, 9.97, 100.000000
1, 9.96, 5000.000000
1, 9.95, 4200.000000
1, 9.94, 2100.000000
1, 9.93, 3000.000000
1, 9.92, 4700.000000
1, 9.91, 500.000000
2, 9.90, 300.000000
2, 9.89, 13400.000000
2, 9.88, 100.000000
2, 9.87, 100.000000
2, 9.86, 1000.000000
2, 9.85, 6100.000000
2, 9.83, 41900.000000
2, 9.82, 100.000000
2, 9.80, 200.000000
2, 9.77, 3000.000000
2, 9.74, 1000.000000
2, 9.70, 3200.000000
2, 9.53, 100.000000
2, 9.40, 1700.000000
2, 8.99, 200.000000
@, 9.90, 9.91
1, 10.15, 3200.000000
1, 10.10, 5400.000000
1, 10.09, 200.000000
1, 10.05, 3200.000000
1, 10.02, 100.000000
1, 10.01, 200.000000
1, 10.00, 23800.000000
1, 9.99, 100.000000
1, 9.98, 200.000000
1, 9.97, 100.000000
1, 9.96, 5000.000000
1, 9.95, 4200.000000
1, 9.94, 2100.000000
1, 9.93, 3000.000000
1, 9.92, 4700.000000
1, 9.91, 500.000000
2, 9.90, 300.000000
2, 9.89, 13400.000000
2, 9.88, 100.000000
2, 9.87, 100.000000
2, 9.86, 1000.000000
2, 9.85, 6100.000000
2, 9.83, 41900.000000
2, 9.82, 100.000000
2, 9.80, 200.000000
2, 9.77, 3000.000000
2, 9.74, 1000.000000
2, 9.70, 3200.000000
2, 9.53, 100.000000
2, 9.40, 1700.000000
2, 8.99, 200.000000
@, 9.90, 9.91
1, 10.15, 3200.000000
1, 10.10, 5400.000000
1, 10.09, 200.000000
1, 10.05, 3200.000000
1, 10.02, 100.000000
1, 10.01, 200.000000
1, 10.00, 23800.000000
1, 9.99, 100.000000
1, 9.98, 200.000000
1, 9.97, 100.000000
1, 9.96, 5000.000000
1, 9.95, 4200.000000
1, 9.94, 2100.000000
1, 9.93, 3000.000000
1, 9.92, 4700.000000
1, 9.91, 500.000000
2, 9.90, 300.000000
2, 9.89, 13400.000000
2, 9.88, 100.000000
2, 9.87, 100.000000
2, 9.86, 1000.000000
2, 9.85, 6100.000000
2, 9.83, 41900.000000
2, 9.82, 100.000000
2, 9.80, 200.000000
2, 9.77, 3000.000000
2, 9.74, 1000.000000
2, 9.70, 3200.000000
2, 9.53, 100.000000
2, 9.40, 1700.000000
2, 8.99, 200.000000
@, 9.90, 9.91
1, 10.15, 3200.000000
1, 10.10, 5400.000000
1, 10.09, 200.000000
1, 10.05, 3200.000000
1, 10.02, 100.000000
1, 10.01, 200.000000
1, 10.00, 23800.000000
1, 9.99, 100.000000
1, 9.98, 200.000000
1, 9.97, 100.000000
1, 9.96, 5000.000000
1, 9.95, 4200.000000
1, 9.94, 2100.000000
1, 9.93, 3000.000000
1, 9.92, 4700.000000
1, 9.91, 500.000000
2, 9.90, 300.000000
2, 9.89, 13400.000000
2, 9.88, 100.000000
2, 9.87, 100.000000
2, 9.86, 1000.000000
2, 9.85, 6100.000000
2, 9.83, 41900.000000
2, 9.82, 100.000000
2, 9.80, 200.000000
2, 9.77, 3000.000000
2, 9.74, 1000.000000
2, 9.70, 3200.000000
2, 9.53, 100.000000
2, 9.40, 1700.000000
2, 8.99, 200.000000
@, 9.90, 9.91
1, 10.15, 3200.000000
1, 10.10, 5400.000000
1, 10.09, 200.000000
1, 10.05, 3200.000000
1, 10.02, 100.000000
1, 10.01, 200.000000
1, 10.00, 23800.000000
1, 9.99, 100.000000
1, 9.98, 200.000000
1, 9.97, 100.000000
1, 9.96, 5000.000000
1, 9.95, 4200.000000
1, 9.94, 2100.000000
1, 9.93, 3000.000000
1, 9.92, 4700.000000
1, 9.91, 500.000000
2, 9.90, 300.000000
2, 9.89, 13400.000000
2, 9.88, 100.000000
2, 9.87, 100.000000
2, 9.86, 1000.000000
2, 9.85, 6100.000000
2, 9.83, 41900.000000
2, 9.82, 100.000000
2, 9.80, 200.000000
2, 9.77, 3000.000000
2, 9.74, 1000.000000
2, 9.70, 3200.000000
2, 9.53, 100.000000
2, 9.40, 1700.000000
2, 8.99, 200.000000
@, 9.90, 9.91
1, 10.15, 3200.000000
1, 10.10, 5400.000000
1, 10.09, 200.000000
1, 10.05, 3200.000000
1, 10.02, 100.000000
1, 10.01, 200.000000
1, 10.00, 23800.000000
1, 9.99, 100.000000
1, 9.98, 200.000000
1, 9.97, 100.000000
1, 9.96, 5000.000000
1, 9.95, 4200.000000
1, 9.94, 2100.000000
1, 9.93, 3000.000000
1, 9.92, 4700.000000
1, 9.91, 500.000000
2, 9.90, 300.000000
2, 9.89, 13400.000000
2, 9.88, 100.000000
2, 9.87, 100.000000
2, 9.86, 1000.000000
2, 9.85, 6100.000000
2, 9.83, 41900.000000
2, 9.82, 100.000000
2, 9.80, 200.000000
2, 9.77, 3000.000000
2, 9.74, 1000.000000
2, 9.70, 3200.000000
2, 9.53, 100.000000
2, 9.40, 1700.000000
2, 8.99, 200.000000
@, 9.90, 9.91
1, 10.15, 3200.000000
1, 10.10, 5400.000000
1, 10.09, 200.000000
1, 10.05, 3200.000000
1, 10.02, 100.000000
1, 10.01, 200.000000
1, 10.00, 23800.000000
1, 9.99, 100.000000
1, 9.98, 200.000000
1, 9.97, 100.000000
1, 9.96, 5000.000000
1, 9.95, 4200.000000
1, 9.94, 2100.000000
1, 9.93, 3000.000000
1, 9.92, 4700.000000
1, 9.91, 500.000000
2, 9.90, 300.000000
2, 9.89, 13400.000000
2, 9.88, 100.000000
2, 9.87, 100.000000
2, 9.86, 1000.000000
2, 9.85, 6100.000000
2, 9.83, 41900.000000
2, 9.82, 100.000000
2, 9.80, 200.000000
2, 9.77, 3000.000000
2, 9.74, 1000.000000
2, 9.70, 3200.000000
2, 9.53, 100.000000
2, 9.40, 1700.000000
2, 8.99, 200.000000
@, 9.90, 9.91
1, 10.15, 3200.000000
1, 10.10, 5400.000000
1, 10.09, 200.000000
1, 10.05, 3200.000000
1, 10.02, 100.000000
1, 10.01, 200.000000
1, 10.00, 23800.000000
1, 9.99, 100.000000
1, 9.98, 200.000000
1, 9.97, 100.000000
1, 9.96, 5000.000000
1, 9.95, 4200.000000
1, 9.94, 2100.000000
1, 9.93, 3000.000000
1, 9.92, 4700.000000
1, 9.91, 500.000000
2, 9.90, 300.000000
2, 9.89, 13400.000000
2, 9.88, 100.000000
2, 9.87, 100.000000
2, 9.86, 1000.000000
2, 9.85, 6100.000000
2, 9.83, 41900.000000
2, 9.82, 100.000000
2, 9.80, 200.000000
2, 9.77, 3000.000000
2, 9.74, 1000.000000
2, 9.70, 3200.000000
2, 9.53, 100.000000
2, 9.40, 1700.000000
2, 8.99, 200.000000
@, 9.90, 9.91
1, 10.15, 3200.000000
1, 10.10, 5400.000000
1, 10.09, 200.000000
1, 10.05, 3200.000000
1, 10.02, 100.000000
1, 10.01, 200.000000
1, 10.00, 23800.000000
1, 9.99, 100.000000
1, 9.98, 200.000000
1, 9.97, 100.000000
1, 9.96, 5000.000000
1, 9.95, 4200.000000
1, 9.94, 2100.000000
1, 9.93, 3000.000000
1, 9.92, 4700.000000
1, 9.91, 500.000000
2, 9.90, 300.000000
2, 9.89, 13400.000000
2, 9.88, 100.000000
2, 9.87, 100.000000
2, 9.86, 1000.000000
2, 9.85, 6100.000000
2, 9.83, 41900.000000
2, 9.82, 100.000000
2, 9.80, 200.000000
2, 9.77, 3000.000000
2, 9.74, 1000.000000
2, 9.70, 3200.000000
2, 9.53, 100.000000
2, 9.40, 1700.000000
2, 8.99, 200.000000
@