, 20.29, 20.30
1, 20.45, 3900.000000
1, 20.44, 23900.000000
1, 20.43, 6200.000000
1, 20.42, 19300.000000
1, 20.41, 17500.000000
1, 20.40, 51300.000000
1, 20.39, 23300.000000
1, 20.38, 21100.000000
1, 20.37, 19200.000000
1, 20.36, 18600.000000
1, 20.35, 20500.000000
1, 20.34, 8100.000000
1, 20.33, 8200.000000
1, 20.32, 6400.000000
1, 20.31, 2300.000000
1, 20.30, 900.000000
2, 20.29, 8000.000000
2, 20.28, 15200.000000
2, 20.27, 18000.000000
2, 20.26, 17600.000000
2, 20.25, 42900.000000
2, 20.24, 18400.000000
2, 20.23, 17500.000000
2, 20.22, 17200.000000
2, 20.21, 39800.000000
2, 20.20, 8600.000000
2, 20.19, 19300.000000
2, 20.18, 25500.000000
2, 20.17, 4700.000000
2, 20.16, 4400.000000
2, 20.15, 6500.000000
@, 20.30, 20.31
1, 20.46, 4600.000000
1, 20.45, 3900.000000
1, 20.44, 23900.000000
1, 20.43, 6200.000000
1, 20.42, 19400.000000
1, 20.41, 17500.000000
1, 20.40, 51300.000000
1, 20.39, 25300.000000
1, 20.38, 19100.000000
1, 20.37, 19200.000000
1, 20.36, 18600.000000
1, 20.35, 22900.000000
1, 20.34, 6100.000000
1, 20.33, 8100.000000
1, 20.32, 5600.000000
1, 20.31, 400.000000
2, 20.30, 1700.000000
2, 20.29, 7800.000000
2, 20.28, 16700.000000
2, 20.27, 18000.000000
2, 20.26, 17600.000000
2, 20.25, 42500.000000
2, 20.24, 18400.000000
2, 20.23, 17500.000000
2, 20.22, 16800.000000
2, 20.21, 39800.000000
2, 20.20, 8600.000000
2, 20.19, 19200.000000
2, 20.18, 25500.000000
2, 20.17, 4700.000000
2, 20.16, 4400.000000
@, 20.30, 20.31
1, 20.46, 4600.000000
1, 20.45, 3900.000000
1, 20.44, 23900.000000
1, 20.43, 6200.000000
1, 20.42, 19300.000000
1, 20.41, 17500.000000
1, 20.40, 51300.000000
1, 20.39, 25300.000000
1, 20.38, 19100.000000
1, 20.37, 19200.000000
1, 20.36, 18600.000000
1, 20.35, 22900.000000
1, 20.34, 6100.000000
1, 20.33, 8100.000000
1, 20.32, 5700.000000
1, 20.31, 1400.000000
2, 20.30, 1400.000000
2, 20.29, 7700.000000
2, 20.28, 16700.000000
2, 20.27, 18000.000000
2, 20.26, 17600.000000
2, 20.25, 42500.000000
2, 20.24, 18400.000000
2, 20.23, 17500.000000
2, 20.22, 16800.000000
2, 20.21, 39800.000000
2, 20.20, 8600.000000
2, 20.19, 19200.000000
2, 20.18, 25500.000000
2, 20.17, 4700.000000
2, 20.16, 4400.000000
@, 20.30, 20.31
1, 20.46, 4600.000000
1, 20.45, 3900.000000
1, 20.44, 23900.000000
1, 20.43, 6200.000000
1, 20.42, 19300.000000
1, 20.41, 17500.000000
1, 20.40, 51300.000000
1, 20.39, 25300.000000
1, 20.38, 19100.000000
1, 20.37, 19200.000000
1, 20.36, 18600.000000
1, 20.35, 22900.000000
1, 20.34, 6100.000000
1, 20.33, 8100.000000
1, 20.32, 5700.000000
1, 20.31, 1400.000000
2, 20.30, 1300.000000
2, 20.29, 7700.000000
2, 20.28, 16700.000000
2, 20.27, 18000.000000
2, 20.26, 17600.000000
2, 20.25, 42500.000000
2, 20.24, 18400.000000
2, 20.23, 17500.000000
2, 20.22, 16800.000000
2, 20.21, 39800.000000
2, 20.20, 8600.000000
2, 20.19, 19200.000000
2, 20.18, 25500.000000
2, 20.17, 4700.000000
2, 20.16, 4400.000000
@, 20.30, 20.31
1, 20.46, 4600.000000
1, 20.45, 3900.000000
1, 20.44, 23900.000000
1, 20.43, 6200.000000
1, 20.42, 19300.000000
1, 20.41, 17500.000000
1, 20.40, 51300.000000
1, 20.39, 25300.000000
1, 20.38, 19100.000000
1, 20.37, 19200.000000
1, 20.36, 18600.000000
1, 20.35, 22900.000000
1, 20.34, 6100.000000
1, 20.33, 8100.000000
1, 20.32, 5800.000000
1, 20.31, 3500.000000
2, 20.30, 100.000000
2, 20.29, 7600.000000
2, 20.28, 16700.000000
2, 20.27, 18000.000000
2, 20.26, 17600.000000
2, 20.25, 42500.000000
2, 20.24, 18400.000000
2, 20.23, 17500.000000
2, 20.22, 16800.000000
2, 20.21, 39800.000000
2, 20.20, 8600.000000
2, 20.19, 19300.000000
2, 20.18, 25500.000000
2, 20.17, 4700.000000
2, 20.16, 4400.000000
@, 20.30, 20.31
1, 20.46, 4600.000000
1, 20.45, 3900.000000
1, 20.44, 23900.000000
1, 20.43, 6200.000000
1, 20.42, 19300.000000
1, 20.41, 17500.000000
1, 20.40, 51300.000000
1, 20.39, 25300.000000
1, 20.38, 19100.000000
1, 20.37, 19200.000000
1, 20.36, 18600.000000
1, 20.35, 22900.000000
1, 20.34, 6100.000000
1, 20.33, 8100.000000
1, 20.32, 5800.000000
1, 20.31, 3500.000000
2, 20.30, 100.000000
2, 20.29, 7600.000000
2, 20.28, 16700.000000
2, 20.27, 18000.000000
2, 20.26, 17600.000000
2, 20.25, 42500.000000
2, 20.24, 18400.000000
2, 20.23, 17500.000000
2, 20.22, 16800.000000
2, 20.21, 39800.000000
2, 20.20, 8600.000000
2, 20.19, 19300.000000
2, 20.18, 25500.000000
2, 20.17, 4700.000000
2, 20.16, 4400.000000
@, 20.30, 20.31
1, 20.46, 4600.000000
1, 20.45, 3900.000000
1, 20.44, 23900.000000
1, 20.43, 6200.000000
1, 20.42, 19300.000000
1, 20.41, 17500.000000
1, 20.40, 51300.000000
1, 20.39, 25300.000000
1, 20.38, 19100.000000
1, 20.37, 19200.000000
1, 20.36, 18600.000000
1, 20.35, 22900.000000
1, 20.34, 6100.000000
1, 20.33, 8100.000000
1, 20.32, 5800.000000
1, 20.31, 3500.000000
2, 20.30, 100.000000
2, 20.29, 7600.000000
2, 20.28, 16700.000000
2, 20.27, 18000.000000
2, 20.26, 17600.000000
2, 20.25, 42500.000000
2, 20.24, 18400.000000
2, 20.23, 17500.000000
2, 20.22, 16800.000000
2, 20.21, 39800.000000
2, 20.20, 8600.000000
2, 20.19, 19300.000000
2, 20.18, 25500.000000
2, 20.17, 4700.000000
2, 20.16, 4400.000000
@, 20.30, 20.31
1, 20.46, 4600.000000
1, 20.45, 3900.000000
1, 20.44, 23900.000000
1, 20.43, 6200.000000
1, 20.42, 19300.000000
1, 20.41, 17500.000000
1, 20.40, 51300.000000
1, 20.39, 25300.000000
1, 20.38, 19100.000000
1, 20.37, 19200.000000
1, 20.36, 18600.000000
1, 20.35, 22900.000000
1, 20.34, 6100.000000
1, 20.33, 8100.000000
1, 20.32, 5800.000000
1, 20.31, 3500.000000
2, 20.30, 100.000000
2, 20.29, 7600.000000
2, 20.28, 16700.000000
2, 20.27, 18000.000000
2, 20.26, 17600.000000
2, 20.25, 42500.000000
2, 20.24, 18400.000000
2, 20.23, 17500.000000
2, 20.22, 16800.000000
2, 20.21, 39800.000000
2, 20.20, 8600.000000
2, 20.19, 19300.000000
2, 20.18, 25500.000000
2, 20.17, 4700.000000
2, 20.16, 4400.000000
@, 20.30, 20.31
1, 20.46, 4600.000000
1, 20.45, 3900.000000
1, 20.44, 23900.000000
1, 20.43, 6200.000000
1, 20.42, 19300.000000
1, 20.41, 17500.000000
1, 20.40, 51300.000000
1, 20.39, 25300.000000
1, 20.38, 19100.000000
1, 20.37, 19200.000000
1, 20.36, 18600.000000
1, 20.35, 22900.000000
1, 20.34, 6100.000000
1, 20.33, 8100.000000
1, 20.32, 5700.000000
1, 20.31, 1400.000000
2, 20.30, 200.000000
2, 20.29, 7600.000000
2, 20.28, 16700.000000
2, 20.27, 18000.000000
2, 20.26, 17600.000000
2, 20.25, 42500.000000
2, 20.24, 18400.000000
2, 20.23, 17500.000000
2, 20.22, 16800.000000
2, 20.21, 39800.000000
2, 20.20, 8600.000000
2, 20.19, 19300.000000
2, 20.18, 25500.000000
2, 20.17, 4700.000000
2, 20.16, 4400.000000
@, 20.30, 20.31
1, 20.46, 4600.000000
1, 20.45, 3900.000000
1, 20.44, 23900.000000
1, 20.43, 6200.000000
1, 20.42, 19300.000000
1, 20.41, 17500.000000
1, 20.40, 51300.000000
1, 20.39, 25300.000000
1, 20.38, 19100.000000
1, 20.37, 19200.000000
1, 20.36, 18600.000000
1, 20.35, 22900.000000
1, 20.34, 6100.000000
1, 20.33, 8100.000000
1, 20.32, 5700.000000
1, 20.31, 1400.000000
2, 20.30, 200.000000
2, 20.29, 7600.000000
2, 20.28, 16700.000000
2, 20.27, 18000.000000
2, 20.26, 17600.000000
2, 20.25, 42500.000000
2, 20.24, 18400.000000
2, 20.23, 17500.000000
2, 20.22, 16800.000000
2, 20.21, 39800.000000
2, 20.20, 8600.000000
2, 20.19, 19300.000000
2, 20.18, 25500.000000
2, 20.17, 4700.000000
2, 20.16, 4400.000000
@