, 17.99, 18.04
1, 19.00, 300.000000
1, 18.90, 300.000000
1, 18.63, 400.000000
1, 18.62, 2700.000000
1, 18.50, 1100.000000
1, 18.36, 100.000000
1, 18.30, 1800.000000
1, 18.27, 100.000000
1, 18.16, 300.000000
1, 18.13, 100.000000
1, 18.10, 100.000000
1, 18.08, 200.000000
1, 18.07, 200.000000
1, 18.06, 200.000000
1, 18.05, 200.000000
1, 18.04, 700.000000
2, 17.99, 200.000000
2, 17.95, 200.000000
2, 17.93, 100.000000
2, 17.75, 300.000000
2, 17.65, 500.000000
2, 17.60, 100.000000
2, 17.49, 5000.000000
2, 17.40, 1500.000000
2, 17.39, 400.000000
2, 17.37, 100.000000
2, 17.35, 100.000000
2, 17.33, 300.000000
2, 17.31, 200.000000
2, 17.30, 3000.000000
2, 17.29, 300.000000
@, 17.99, 18.04
1, 19.00, 300.000000
1, 18.90, 300.000000
1, 18.63, 400.000000
1, 18.62, 2700.000000
1, 18.50, 1100.000000
1, 18.36, 100.000000
1, 18.30, 1800.000000
1, 18.27, 100.000000
1, 18.16, 300.000000
1, 18.13, 100.000000
1, 18.10, 100.000000
1, 18.08, 200.000000
1, 18.07, 200.000000
1, 18.06, 200.000000
1, 18.05, 200.000000
1, 18.04, 700.000000
2, 17.99, 200.000000
2, 17.95, 200.000000
2, 17.93, 100.000000
2, 17.75, 300.000000
2, 17.65, 500.000000
2, 17.60, 100.000000
2, 17.49, 5000.000000
2, 17.40, 1500.000000
2, 17.39, 400.000000
2, 17.37, 100.000000
2, 17.35, 100.000000
2, 17.33, 300.000000
2, 17.31, 200.000000
2, 17.30, 3000.000000
2, 17.29, 300.000000
@, 17.99, 18.04
1, 19.00, 300.000000
1, 18.90, 300.000000
1, 18.63, 400.000000
1, 18.62, 2700.000000
1, 18.50, 1100.000000
1, 18.36, 100.000000
1, 18.30, 1800.000000
1, 18.27, 100.000000
1, 18.16, 300.000000
1, 18.13, 100.000000
1, 18.10, 100.000000
1, 18.08, 200.000000
1, 18.07, 200.000000
1, 18.06, 200.000000
1, 18.05, 200.000000
1, 18.04, 700.000000
2, 17.99, 200.000000
2, 17.95, 200.000000
2, 17.93, 100.000000
2, 17.75, 300.000000
2, 17.65, 500.000000
2, 17.60, 100.000000
2, 17.49, 5000.000000
2, 17.40, 1500.000000
2, 17.39, 400.000000
2, 17.37, 100.000000
2, 17.35, 100.000000
2, 17.33, 300.000000
2, 17.31, 200.000000
2, 17.30, 3000.000000
2, 17.29, 300.000000
@, 17.99, 18.04
1, 19.00, 300.000000
1, 18.90, 300.000000
1, 18.63, 400.000000
1, 18.62, 2700.000000
1, 18.50, 1100.000000
1, 18.36, 100.000000
1, 18.30, 1800.000000
1, 18.27, 100.000000
1, 18.16, 300.000000
1, 18.13, 100.000000
1, 18.10, 100.000000
1, 18.08, 200.000000
1, 18.07, 200.000000
1, 18.06, 200.000000
1, 18.05, 200.000000
1, 18.04, 700.000000
2, 17.99, 200.000000
2, 17.95, 200.000000
2, 17.93, 100.000000
2, 17.75, 300.000000
2, 17.65, 500.000000
2, 17.60, 100.000000
2, 17.49, 5000.000000
2, 17.40, 1500.000000
2, 17.39, 400.000000
2, 17.37, 100.000000
2, 17.35, 100.000000
2, 17.33, 300.000000
2, 17.31, 200.000000
2, 17.30, 3000.000000
2, 17.29, 300.000000
@, 17.99, 18.04
1, 19.00, 300.000000
1, 18.90, 300.000000
1, 18.63, 400.000000
1, 18.62, 2700.000000
1, 18.50, 1100.000000
1, 18.36, 100.000000
1, 18.30, 1800.000000
1, 18.27, 100.000000
1, 18.16, 300.000000
1, 18.13, 100.000000
1, 18.10, 100.000000
1, 18.08, 200.000000
1, 18.07, 200.000000
1, 18.06, 200.000000
1, 18.05, 200.000000
1, 18.04, 700.000000
2, 17.99, 200.000000
2, 17.95, 200.000000
2, 17.93, 100.000000
2, 17.75, 300.000000
2, 17.65, 500.000000
2, 17.60, 100.000000
2, 17.49, 5000.000000
2, 17.40, 1500.000000
2, 17.39, 400.000000
2, 17.37, 100.000000
2, 17.35, 100.000000
2, 17.33, 300.000000
2, 17.31, 200.000000
2, 17.30, 3000.000000
2, 17.29, 300.000000
@, 17.99, 18.04
1, 19.00, 300.000000
1, 18.90, 300.000000
1, 18.63, 400.000000
1, 18.62, 2700.000000
1, 18.50, 1100.000000
1, 18.36, 100.000000
1, 18.30, 1800.000000
1, 18.27, 100.000000
1, 18.16, 300.000000
1, 18.13, 100.000000
1, 18.10, 100.000000
1, 18.08, 200.000000
1, 18.07, 200.000000
1, 18.06, 200.000000
1, 18.05, 200.000000
1, 18.04, 700.000000
2, 17.99, 200.000000
2, 17.95, 200.000000
2, 17.93, 100.000000
2, 17.75, 300.000000
2, 17.65, 500.000000
2, 17.60, 100.000000
2, 17.49, 5000.000000
2, 17.40, 1500.000000
2, 17.39, 400.000000
2, 17.37, 100.000000
2, 17.35, 100.000000
2, 17.33, 300.000000
2, 17.31, 200.000000
2, 17.30, 3000.000000
2, 17.29, 300.000000
@, 17.99, 18.04
1, 19.00, 300.000000
1, 18.90, 300.000000
1, 18.63, 400.000000
1, 18.62, 2700.000000
1, 18.50, 1100.000000
1, 18.36, 100.000000
1, 18.30, 1800.000000
1, 18.27, 100.000000
1, 18.16, 300.000000
1, 18.13, 100.000000
1, 18.10, 100.000000
1, 18.08, 200.000000
1, 18.07, 200.000000
1, 18.06, 200.000000
1, 18.05, 200.000000
1, 18.04, 700.000000
2, 17.99, 200.000000
2, 17.95, 200.000000
2, 17.93, 100.000000
2, 17.75, 300.000000
2, 17.65, 500.000000
2, 17.60, 100.000000
2, 17.49, 5000.000000
2, 17.40, 1500.000000
2, 17.39, 400.000000
2, 17.37, 100.000000
2, 17.35, 100.000000
2, 17.33, 300.000000
2, 17.31, 200.000000
2, 17.30, 3000.000000
2, 17.29, 300.000000
@, 17.99, 18.04
1, 19.00, 300.000000
1, 18.90, 300.000000
1, 18.63, 400.000000
1, 18.62, 2700.000000
1, 18.50, 1100.000000
1, 18.36, 100.000000
1, 18.30, 1800.000000
1, 18.27, 100.000000
1, 18.16, 300.000000
1, 18.13, 100.000000
1, 18.10, 100.000000
1, 18.08, 200.000000
1, 18.07, 200.000000
1, 18.06, 200.000000
1, 18.05, 200.000000
1, 18.04, 700.000000
2, 17.99, 200.000000
2, 17.95, 200.000000
2, 17.93, 100.000000
2, 17.75, 300.000000
2, 17.65, 500.000000
2, 17.60, 100.000000
2, 17.49, 5000.000000
2, 17.40, 1500.000000
2, 17.39, 400.000000
2, 17.37, 100.000000
2, 17.35, 100.000000
2, 17.33, 300.000000
2, 17.31, 200.000000
2, 17.30, 3000.000000
2, 17.29, 300.000000
@, 17.99, 18.04
1, 19.00, 300.000000
1, 18.90, 300.000000
1, 18.63, 400.000000
1, 18.62, 2700.000000
1, 18.50, 1100.000000
1, 18.36, 100.000000
1, 18.30, 1800.000000
1, 18.27, 100.000000
1, 18.16, 300.000000
1, 18.13, 100.000000
1, 18.10, 100.000000
1, 18.08, 200.000000
1, 18.07, 200.000000
1, 18.06, 200.000000
1, 18.05, 200.000000
1, 18.04, 700.000000
2, 17.99, 200.000000
2, 17.93, 100.000000
2, 17.75, 300.000000
2, 17.65, 500.000000
2, 17.60, 100.000000
2, 17.49, 5000.000000
2, 17.40, 1500.000000
2, 17.39, 400.000000
2, 17.37, 100.000000
2, 17.35, 100.000000
2, 17.33, 300.000000
2, 17.31, 200.000000
2, 17.30, 3000.000000
2, 17.29, 300.000000
2, 17.26, 100.000000
@, 17.99, 18.04
1, 19.00, 300.000000
1, 18.90, 300.000000
1, 18.63, 400.000000
1, 18.62, 2700.000000
1, 18.50, 1100.000000
1, 18.36, 100.000000
1, 18.30, 1800.000000
1, 18.27, 100.000000
1, 18.16, 300.000000
1, 18.13, 100.000000
1, 18.10, 100.000000
1, 18.08, 200.000000
1, 18.07, 200.000000
1, 18.06, 200.000000
1, 18.05, 200.000000
1, 18.04, 700.000000
2, 17.99, 200.000000
2, 17.93, 100.000000
2, 17.75, 300.000000
2, 17.65, 500.000000
2, 17.60, 100.000000
2, 17.49, 5000.000000
2, 17.40, 1500.000000
2, 17.39, 400.000000
2, 17.37, 100.000000
2, 17.35, 100.000000
2, 17.33, 300.000000
2, 17.31, 200.000000
2, 17.30, 3000.000000
2, 17.29, 300.000000
2, 17.26, 100.000000
@