, 72.44, 72.45
1, 72.60, 600.000000
1, 72.59, 100.000000
1, 72.58, 100.000000
1, 72.57, 700.000000
1, 72.56, 300.000000
1, 72.55, 200.000000
1, 72.54, 1300.000000
1, 72.53, 500.000000
1, 72.52, 500.000000
1, 72.51, 500.000000
1, 72.50, 3400.000000
1, 72.49, 1800.000000
1, 72.48, 1000.000000
1, 72.47, 1900.000000
1, 72.46, 400.000000
1, 72.45, 200.000000
2, 72.44, 900.000000
2, 72.43, 500.000000
2, 72.42, 300.000000
2, 72.41, 200.000000
2, 72.40, 400.000000
2, 72.39, 1200.000000
2, 72.38, 400.000000
2, 72.37, 200.000000
2, 72.36, 300.000000
2, 72.35, 100.000000
2, 72.34, 100.000000
2, 72.33, 400.000000
2, 72.32, 400.000000
2, 72.31, 200.000000
2, 72.30, 400.000000
@, 72.44, 72.45
1, 72.60, 600.000000
1, 72.59, 100.000000
1, 72.58, 100.000000
1, 72.57, 700.000000
1, 72.56, 300.000000
1, 72.55, 200.000000
1, 72.54, 1300.000000
1, 72.53, 500.000000
1, 72.52, 500.000000
1, 72.51, 500.000000
1, 72.50, 3400.000000
1, 72.49, 1800.000000
1, 72.48, 1000.000000
1, 72.47, 1900.000000
1, 72.46, 400.000000
1, 72.45, 200.000000
2, 72.44, 900.000000
2, 72.43, 500.000000
2, 72.42, 300.000000
2, 72.41, 200.000000
2, 72.40, 400.000000
2, 72.39, 1200.000000
2, 72.38, 400.000000
2, 72.37, 200.000000
2, 72.36, 300.000000
2, 72.35, 100.000000
2, 72.34, 100.000000
2, 72.33, 400.000000
2, 72.32, 400.000000
2, 72.31, 200.000000
2, 72.30, 400.000000
@, 72.44, 72.45
1, 72.60, 600.000000
1, 72.59, 100.000000
1, 72.58, 100.000000
1, 72.57, 700.000000
1, 72.56, 300.000000
1, 72.55, 200.000000
1, 72.54, 1300.000000
1, 72.53, 500.000000
1, 72.52, 500.000000
1, 72.51, 500.000000
1, 72.50, 3400.000000
1, 72.49, 1800.000000
1, 72.48, 1000.000000
1, 72.47, 1900.000000
1, 72.46, 400.000000
1, 72.45, 200.000000
2, 72.44, 1000.000000
2, 72.43, 500.000000
2, 72.42, 300.000000
2, 72.41, 200.000000
2, 72.40, 400.000000
2, 72.39, 1200.000000
2, 72.38, 400.000000
2, 72.37, 200.000000
2, 72.36, 300.000000
2, 72.35, 100.000000
2, 72.34, 100.000000
2, 72.33, 400.000000
2, 72.32, 400.000000
2, 72.31, 200.000000
2, 72.30, 400.000000
@, 72.44, 72.45
1, 72.60, 600.000000
1, 72.59, 100.000000
1, 72.58, 100.000000
1, 72.57, 700.000000
1, 72.56, 300.000000
1, 72.55, 200.000000
1, 72.54, 1300.000000
1, 72.53, 500.000000
1, 72.52, 500.000000
1, 72.51, 500.000000
1, 72.50, 3400.000000
1, 72.49, 1800.000000
1, 72.48, 1000.000000
1, 72.47, 1900.000000
1, 72.46, 400.000000
1, 72.45, 200.000000
2, 72.44, 1000.000000
2, 72.43, 500.000000
2, 72.42, 300.000000
2, 72.41, 200.000000
2, 72.40, 400.000000
2, 72.39, 1200.000000
2, 72.38, 400.000000
2, 72.37, 200.000000
2, 72.36, 300.000000
2, 72.35, 100.000000
2, 72.34, 100.000000
2, 72.33, 400.000000
2, 72.32, 400.000000
2, 72.31, 200.000000
2, 72.30, 400.000000
@, 72.44, 72.45
1, 72.60, 600.000000
1, 72.59, 100.000000
1, 72.58, 100.000000
1, 72.57, 700.000000
1, 72.56, 300.000000
1, 72.55, 200.000000
1, 72.54, 1300.000000
1, 72.53, 500.000000
1, 72.52, 500.000000
1, 72.51, 500.000000
1, 72.50, 3400.000000
1, 72.49, 1800.000000
1, 72.48, 1000.000000
1, 72.47, 1900.000000
1, 72.46, 400.000000
1, 72.45, 200.000000
2, 72.44, 1000.000000
2, 72.43, 500.000000
2, 72.42, 300.000000
2, 72.41, 200.000000
2, 72.40, 400.000000
2, 72.39, 1200.000000
2, 72.38, 400.000000
2, 72.37, 200.000000
2, 72.36, 300.000000
2, 72.35, 100.000000
2, 72.34, 100.000000
2, 72.33, 400.000000
2, 72.32, 400.000000
2, 72.31, 200.000000
2, 72.30, 400.000000
@, 72.44, 72.45
1, 72.60, 600.000000
1, 72.59, 100.000000
1, 72.58, 100.000000
1, 72.57, 700.000000
1, 72.56, 300.000000
1, 72.55, 200.000000
1, 72.54, 1300.000000
1, 72.53, 500.000000
1, 72.52, 500.000000
1, 72.51, 500.000000
1, 72.50, 3400.000000
1, 72.49, 1800.000000
1, 72.48, 1000.000000
1, 72.47, 1900.000000
1, 72.46, 400.000000
1, 72.45, 200.000000
2, 72.44, 1000.000000
2, 72.43, 500.000000
2, 72.42, 300.000000
2, 72.41, 200.000000
2, 72.40, 400.000000
2, 72.39, 1200.000000
2, 72.38, 400.000000
2, 72.37, 200.000000
2, 72.36, 300.000000
2, 72.35, 100.000000
2, 72.34, 100.000000
2, 72.33, 400.000000
2, 72.32, 400.000000
2, 72.31, 200.000000
2, 72.30, 400.000000
@, 72.44, 72.45
1, 72.60, 600.000000
1, 72.59, 100.000000
1, 72.58, 100.000000
1, 72.57, 700.000000
1, 72.56, 300.000000
1, 72.55, 200.000000
1, 72.54, 1300.000000
1, 72.53, 500.000000
1, 72.52, 500.000000
1, 72.51, 500.000000
1, 72.50, 3400.000000
1, 72.49, 1800.000000
1, 72.48, 1000.000000
1, 72.47, 1900.000000
1, 72.46, 400.000000
1, 72.45, 200.000000
2, 72.44, 1000.000000
2, 72.43, 500.000000
2, 72.42, 300.000000
2, 72.41, 200.000000
2, 72.40, 400.000000
2, 72.39, 1200.000000
2, 72.38, 400.000000
2, 72.37, 200.000000
2, 72.36, 300.000000
2, 72.35, 100.000000
2, 72.34, 100.000000
2, 72.33, 400.000000
2, 72.32, 400.000000
2, 72.31, 200.000000
2, 72.30, 400.000000
@, 72.44, 72.45
1, 72.60, 600.000000
1, 72.59, 100.000000
1, 72.58, 100.000000
1, 72.57, 700.000000
1, 72.56, 300.000000
1, 72.55, 200.000000
1, 72.54, 1300.000000
1, 72.53, 500.000000
1, 72.52, 500.000000
1, 72.51, 500.000000
1, 72.50, 3400.000000
1, 72.49, 1800.000000
1, 72.48, 1000.000000
1, 72.47, 1900.000000
1, 72.46, 400.000000
1, 72.45, 200.000000
2, 72.44, 900.000000
2, 72.43, 500.000000
2, 72.42, 300.000000
2, 72.41, 200.000000
2, 72.40, 400.000000
2, 72.39, 1200.000000
2, 72.38, 400.000000
2, 72.37, 200.000000
2, 72.36, 300.000000
2, 72.35, 100.000000
2, 72.34, 100.000000
2, 72.33, 400.000000
2, 72.32, 400.000000
2, 72.31, 200.000000
2, 72.30, 400.000000
@, 72.44, 72.45
1, 72.60, 600.000000
1, 72.59, 100.000000
1, 72.58, 100.000000
1, 72.57, 700.000000
1, 72.56, 300.000000
1, 72.55, 200.000000
1, 72.54, 1300.000000
1, 72.53, 500.000000
1, 72.52, 500.000000
1, 72.51, 500.000000
1, 72.50, 3400.000000
1, 72.49, 1800.000000
1, 72.48, 1000.000000
1, 72.47, 1900.000000
1, 72.46, 400.000000
1, 72.45, 200.000000
2, 72.44, 900.000000
2, 72.43, 500.000000
2, 72.42, 300.000000
2, 72.41, 200.000000
2, 72.40, 400.000000
2, 72.39, 1200.000000
2, 72.38, 400.000000
2, 72.37, 200.000000
2, 72.36, 300.000000
2, 72.35, 100.000000
2, 72.34, 100.000000
2, 72.33, 400.000000
2, 72.32, 400.000000
2, 72.31, 200.000000
2, 72.30, 400.000000
@, 72.44, 72.45
1, 72.60, 600.000000
1, 72.59, 100.000000
1, 72.58, 100.000000
1, 72.57, 700.000000
1, 72.56, 300.000000
1, 72.55, 200.000000
1, 72.54, 1300.000000
1, 72.53, 500.000000
1, 72.52, 500.000000
1, 72.51, 500.000000
1, 72.50, 3400.000000
1, 72.49, 1800.000000
1, 72.48, 1000.000000
1, 72.47, 1900.000000
1, 72.46, 400.000000
1, 72.45, 200.000000
2, 72.44, 900.000000
2, 72.43, 500.000000
2, 72.42, 300.000000
2, 72.41, 200.000000
2, 72.40, 400.000000
2, 72.39, 1200.000000
2, 72.38, 400.000000
2, 72.37, 200.000000
2, 72.36, 300.000000
2, 72.35, 100.000000
2, 72.34, 100.000000
2, 72.33, 400.000000
2, 72.32, 400.000000
2, 72.31, 200.000000
2, 72.30, 400.000000
@