, 8.59, 8.62
1, 8.92, 100.000000
1, 8.87, 100.000000
1, 8.86, 100.000000
1, 8.85, 1100.000000
1, 8.80, 11200.000000
1, 8.79, 700.000000
1, 8.77, 800.000000
1, 8.74, 100.000000
1, 8.72, 100.000000
1, 8.70, 100.000000
1, 8.69, 500.000000
1, 8.68, 100.000000
1, 8.67, 400.000000
1, 8.65, 1000.000000
1, 8.64, 400.000000
1, 8.62, 3400.000000
2, 8.59, 400.000000
2, 8.58, 500.000000
2, 8.57, 400.000000
2, 8.54, 900.000000
2, 8.53, 2000.000000
2, 8.51, 400.000000
2, 8.50, 100.000000
2, 8.48, 300.000000
2, 8.41, 2300.000000
2, 8.40, 200.000000
2, 8.36, 1300.000000
2, 8.35, 2100.000000
2, 8.30, 400.000000
2, 8.25, 500.000000
2, 8.24, 1000.000000
@, 8.59, 8.62
1, 8.92, 100.000000
1, 8.87, 100.000000
1, 8.86, 100.000000
1, 8.85, 1100.000000
1, 8.80, 11200.000000
1, 8.79, 700.000000
1, 8.77, 800.000000
1, 8.74, 100.000000
1, 8.72, 100.000000
1, 8.70, 100.000000
1, 8.69, 500.000000
1, 8.68, 100.000000
1, 8.67, 400.000000
1, 8.65, 1000.000000
1, 8.64, 400.000000
1, 8.62, 3400.000000
2, 8.59, 400.000000
2, 8.58, 500.000000
2, 8.57, 400.000000
2, 8.54, 900.000000
2, 8.53, 2000.000000
2, 8.51, 400.000000
2, 8.50, 100.000000
2, 8.48, 300.000000
2, 8.41, 2300.000000
2, 8.40, 200.000000
2, 8.36, 1300.000000
2, 8.35, 2100.000000
2, 8.30, 400.000000
2, 8.25, 500.000000
2, 8.24, 1000.000000
@, 8.59, 8.62
1, 8.92, 100.000000
1, 8.87, 100.000000
1, 8.86, 100.000000
1, 8.85, 1100.000000
1, 8.80, 11200.000000
1, 8.79, 700.000000
1, 8.77, 800.000000
1, 8.74, 100.000000
1, 8.72, 100.000000
1, 8.70, 100.000000
1, 8.69, 500.000000
1, 8.68, 100.000000
1, 8.67, 400.000000
1, 8.65, 1000.000000
1, 8.64, 400.000000
1, 8.62, 3400.000000
2, 8.59, 400.000000
2, 8.58, 500.000000
2, 8.57, 400.000000
2, 8.54, 900.000000
2, 8.53, 2000.000000
2, 8.51, 400.000000
2, 8.50, 100.000000
2, 8.48, 300.000000
2, 8.41, 2300.000000
2, 8.40, 200.000000
2, 8.36, 1300.000000
2, 8.35, 2100.000000
2, 8.30, 400.000000
2, 8.25, 500.000000
2, 8.24, 1000.000000
@, 8.59, 8.62
1, 8.92, 100.000000
1, 8.87, 100.000000
1, 8.86, 100.000000
1, 8.85, 1100.000000
1, 8.80, 11200.000000
1, 8.79, 700.000000
1, 8.77, 800.000000
1, 8.74, 100.000000
1, 8.72, 100.000000
1, 8.70, 100.000000
1, 8.69, 500.000000
1, 8.68, 100.000000
1, 8.67, 400.000000
1, 8.65, 1000.000000
1, 8.64, 400.000000
1, 8.62, 3400.000000
2, 8.59, 400.000000
2, 8.58, 500.000000
2, 8.57, 400.000000
2, 8.54, 900.000000
2, 8.53, 2000.000000
2, 8.51, 400.000000
2, 8.50, 100.000000
2, 8.48, 300.000000
2, 8.41, 2300.000000
2, 8.40, 200.000000
2, 8.36, 1300.000000
2, 8.35, 2100.000000
2, 8.30, 400.000000
2, 8.25, 500.000000
2, 8.24, 1000.000000
@, 8.59, 8.62
1, 8.92, 100.000000
1, 8.87, 100.000000
1, 8.86, 100.000000
1, 8.85, 1100.000000
1, 8.80, 11200.000000
1, 8.79, 700.000000
1, 8.77, 800.000000
1, 8.74, 100.000000
1, 8.72, 100.000000
1, 8.70, 100.000000
1, 8.69, 500.000000
1, 8.68, 100.000000
1, 8.67, 400.000000
1, 8.65, 1000.000000
1, 8.64, 400.000000
1, 8.62, 3400.000000
2, 8.59, 400.000000
2, 8.58, 500.000000
2, 8.57, 400.000000
2, 8.54, 900.000000
2, 8.53, 2000.000000
2, 8.51, 400.000000
2, 8.50, 100.000000
2, 8.48, 300.000000
2, 8.41, 2300.000000
2, 8.40, 200.000000
2, 8.36, 1300.000000
2, 8.35, 2100.000000
2, 8.30, 400.000000
2, 8.25, 500.000000
2, 8.24, 1000.000000
@, 8.59, 8.62
1, 8.92, 100.000000
1, 8.87, 100.000000
1, 8.86, 100.000000
1, 8.85, 1100.000000
1, 8.80, 11200.000000
1, 8.79, 700.000000
1, 8.77, 800.000000
1, 8.74, 100.000000
1, 8.72, 100.000000
1, 8.70, 100.000000
1, 8.69, 500.000000
1, 8.68, 100.000000
1, 8.67, 400.000000
1, 8.65, 1000.000000
1, 8.64, 400.000000
1, 8.62, 3400.000000
2, 8.59, 400.000000
2, 8.58, 500.000000
2, 8.57, 400.000000
2, 8.54, 900.000000
2, 8.53, 2000.000000
2, 8.51, 400.000000
2, 8.50, 100.000000
2, 8.48, 300.000000
2, 8.41, 2300.000000
2, 8.40, 200.000000
2, 8.36, 1300.000000
2, 8.35, 2100.000000
2, 8.30, 400.000000
2, 8.25, 500.000000
2, 8.24, 1000.000000
@, 8.59, 8.62
1, 8.92, 100.000000
1, 8.87, 100.000000
1, 8.86, 100.000000
1, 8.85, 1100.000000
1, 8.80, 11200.000000
1, 8.79, 700.000000
1, 8.77, 800.000000
1, 8.74, 100.000000
1, 8.72, 100.000000
1, 8.70, 100.000000
1, 8.69, 500.000000
1, 8.68, 100.000000
1, 8.67, 400.000000
1, 8.65, 1000.000000
1, 8.64, 400.000000
1, 8.62, 3400.000000
2, 8.59, 400.000000
2, 8.58, 500.000000
2, 8.57, 400.000000
2, 8.54, 900.000000
2, 8.53, 2000.000000
2, 8.51, 400.000000
2, 8.50, 100.000000
2, 8.48, 300.000000
2, 8.41, 2300.000000
2, 8.40, 200.000000
2, 8.36, 1300.000000
2, 8.35, 2100.000000
2, 8.30, 400.000000
2, 8.25, 500.000000
2, 8.24, 1000.000000
@, 8.59, 8.62
1, 8.92, 100.000000
1, 8.87, 100.000000
1, 8.86, 100.000000
1, 8.85, 1100.000000
1, 8.80, 11200.000000
1, 8.79, 700.000000
1, 8.77, 800.000000
1, 8.74, 100.000000
1, 8.72, 100.000000
1, 8.70, 100.000000
1, 8.69, 500.000000
1, 8.68, 100.000000
1, 8.67, 400.000000
1, 8.65, 1000.000000
1, 8.64, 400.000000
1, 8.62, 3400.000000
2, 8.59, 400.000000
2, 8.58, 500.000000
2, 8.57, 400.000000
2, 8.54, 900.000000
2, 8.53, 2000.000000
2, 8.51, 400.000000
2, 8.50, 100.000000
2, 8.48, 300.000000
2, 8.41, 2300.000000
2, 8.40, 200.000000
2, 8.36, 1300.000000
2, 8.35, 2100.000000
2, 8.30, 400.000000
2, 8.25, 500.000000
2, 8.24, 1000.000000
@, 8.59, 8.62
1, 8.92, 100.000000
1, 8.87, 100.000000
1, 8.86, 100.000000
1, 8.85, 1100.000000
1, 8.80, 11200.000000
1, 8.79, 700.000000
1, 8.77, 800.000000
1, 8.74, 100.000000
1, 8.72, 100.000000
1, 8.70, 100.000000
1, 8.69, 500.000000
1, 8.68, 100.000000
1, 8.67, 400.000000
1, 8.65, 1000.000000
1, 8.64, 400.000000
1, 8.62, 3400.000000
2, 8.59, 400.000000
2, 8.58, 500.000000
2, 8.57, 400.000000
2, 8.54, 900.000000
2, 8.53, 2000.000000
2, 8.51, 400.000000
2, 8.50, 100.000000
2, 8.48, 300.000000
2, 8.41, 2300.000000
2, 8.40, 200.000000
2, 8.36, 1300.000000
2, 8.35, 2100.000000
2, 8.30, 400.000000
2, 8.25, 500.000000
2, 8.24, 1000.000000
@, 8.59, 8.62
1, 8.92, 100.000000
1, 8.87, 100.000000
1, 8.86, 100.000000
1, 8.85, 1100.000000
1, 8.80, 11200.000000
1, 8.79, 700.000000
1, 8.77, 800.000000
1, 8.74, 100.000000
1, 8.72, 100.000000
1, 8.70, 100.000000
1, 8.69, 500.000000
1, 8.68, 100.000000
1, 8.67, 400.000000
1, 8.65, 1000.000000
1, 8.64, 400.000000
1, 8.62, 3400.000000
2, 8.59, 400.000000
2, 8.58, 500.000000
2, 8.57, 400.000000
2, 8.54, 900.000000
2, 8.53, 2000.000000
2, 8.51, 400.000000
2, 8.50, 100.000000
2, 8.48, 300.000000
2, 8.41, 2300.000000
2, 8.40, 200.000000
2, 8.36, 1300.000000
2, 8.35, 2100.000000
2, 8.30, 400.000000
2, 8.25, 500.000000
2, 8.24, 1000.000000
@