, 9.64, 9.65
1, 9.80, 39600.000000
1, 9.79, 20300.000000
1, 9.78, 38600.000000
1, 9.77, 21100.000000
1, 9.76, 34900.000000
1, 9.75, 51700.000000
1, 9.74, 96400.000000
1, 9.73, 23700.000000
1, 9.72, 31700.000000
1, 9.71, 23900.000000
1, 9.70, 58100.000000
1, 9.69, 36200.000000
1, 9.68, 194800.000000
1, 9.67, 31900.000000
1, 9.66, 26800.000000
1, 9.65, 8400.000000
2, 9.64, 6000.000000
2, 9.63, 16800.000000
2, 9.62, 17200.000000
2, 9.61, 157200.000000
2, 9.60, 23200.000000
2, 9.59, 24400.000000
2, 9.58, 26500.000000
2, 9.57, 20100.000000
2, 9.56, 21800.000000
2, 9.55, 26100.000000
2, 9.54, 25700.000000
2, 9.53, 19800.000000
2, 9.52, 57600.000000
2, 9.51, 32800.000000
2, 9.50, 55000.000000
@, 9.64, 9.65
1, 9.80, 39600.000000
1, 9.79, 20300.000000
1, 9.78, 38600.000000
1, 9.77, 21100.000000
1, 9.76, 34900.000000
1, 9.75, 51700.000000
1, 9.74, 96400.000000
1, 9.73, 23700.000000
1, 9.72, 31700.000000
1, 9.71, 23900.000000
1, 9.70, 58100.000000
1, 9.69, 36200.000000
1, 9.68, 194800.000000
1, 9.67, 31900.000000
1, 9.66, 26800.000000
1, 9.65, 7300.000000
2, 9.64, 5900.000000
2, 9.63, 16800.000000
2, 9.62, 17200.000000
2, 9.61, 157200.000000
2, 9.60, 23200.000000
2, 9.59, 24400.000000
2, 9.58, 26500.000000
2, 9.57, 20100.000000
2, 9.56, 21800.000000
2, 9.55, 26100.000000
2, 9.54, 25700.000000
2, 9.53, 19800.000000
2, 9.52, 57600.000000
2, 9.51, 32800.000000
2, 9.50, 55000.000000
@, 9.64, 9.65
1, 9.80, 39600.000000
1, 9.79, 20300.000000
1, 9.78, 38600.000000
1, 9.77, 21100.000000
1, 9.76, 34900.000000
1, 9.75, 51700.000000
1, 9.74, 96400.000000
1, 9.73, 23700.000000
1, 9.72, 31700.000000
1, 9.71, 23900.000000
1, 9.70, 58100.000000
1, 9.69, 36200.000000
1, 9.68, 194800.000000
1, 9.67, 31900.000000
1, 9.66, 26800.000000
1, 9.65, 8400.000000
2, 9.64, 6600.000000
2, 9.63, 16800.000000
2, 9.62, 17200.000000
2, 9.61, 157200.000000
2, 9.60, 23200.000000
2, 9.59, 24400.000000
2, 9.58, 26500.000000
2, 9.57, 20100.000000
2, 9.56, 21800.000000
2, 9.55, 26100.000000
2, 9.54, 25700.000000
2, 9.53, 19800.000000
2, 9.52, 57600.000000
2, 9.51, 32800.000000
2, 9.50, 55000.000000
@, 9.64, 9.65
1, 9.80, 39600.000000
1, 9.79, 20300.000000
1, 9.78, 38600.000000
1, 9.77, 21100.000000
1, 9.76, 34900.000000
1, 9.75, 51700.000000
1, 9.74, 96400.000000
1, 9.73, 23700.000000
1, 9.72, 31700.000000
1, 9.71, 23900.000000
1, 9.70, 58100.000000
1, 9.69, 36200.000000
1, 9.68, 194800.000000
1, 9.67, 31900.000000
1, 9.66, 26800.000000
1, 9.65, 8400.000000
2, 9.64, 6600.000000
2, 9.63, 16800.000000
2, 9.62, 17200.000000
2, 9.61, 157200.000000
2, 9.60, 23200.000000
2, 9.59, 24400.000000
2, 9.58, 26500.000000
2, 9.57, 20100.000000
2, 9.56, 21800.000000
2, 9.55, 26100.000000
2, 9.54, 25700.000000
2, 9.53, 19800.000000
2, 9.52, 57600.000000
2, 9.51, 32800.000000
2, 9.50, 55000.000000
@, 9.64, 9.65
1, 9.80, 39600.000000
1, 9.79, 20300.000000
1, 9.78, 38600.000000
1, 9.77, 21100.000000
1, 9.76, 34900.000000
1, 9.75, 51700.000000
1, 9.74, 96400.000000
1, 9.73, 23700.000000
1, 9.72, 31700.000000
1, 9.71, 23900.000000
1, 9.70, 58100.000000
1, 9.69, 36200.000000
1, 9.68, 194800.000000
1, 9.67, 31900.000000
1, 9.66, 26800.000000
1, 9.65, 8400.000000
2, 9.64, 7600.000000
2, 9.63, 16800.000000
2, 9.62, 17200.000000
2, 9.61, 157200.000000
2, 9.60, 23200.000000
2, 9.59, 24400.000000
2, 9.58, 26500.000000
2, 9.57, 20100.000000
2, 9.56, 21800.000000
2, 9.55, 26100.000000
2, 9.54, 25700.000000
2, 9.53, 19800.000000
2, 9.52, 57600.000000
2, 9.51, 32800.000000
2, 9.50, 55000.000000
@, 9.64, 9.65
1, 9.80, 39600.000000
1, 9.79, 20300.000000
1, 9.78, 38600.000000
1, 9.77, 21100.000000
1, 9.76, 34900.000000
1, 9.75, 51700.000000
1, 9.74, 96400.000000
1, 9.73, 23700.000000
1, 9.72, 31700.000000
1, 9.71, 23900.000000
1, 9.70, 58100.000000
1, 9.69, 36200.000000
1, 9.68, 194800.000000
1, 9.67, 31900.000000
1, 9.66, 26800.000000
1, 9.65, 8400.000000
2, 9.64, 7600.000000
2, 9.63, 16800.000000
2, 9.62, 17200.000000
2, 9.61, 157200.000000
2, 9.60, 23200.000000
2, 9.59, 24400.000000
2, 9.58, 26500.000000
2, 9.57, 20100.000000
2, 9.56, 21800.000000
2, 9.55, 26100.000000
2, 9.54, 25700.000000
2, 9.53, 19800.000000
2, 9.52, 57600.000000
2, 9.51, 32800.000000
2, 9.50, 55000.000000
@, 9.64, 9.65
1, 9.80, 39600.000000
1, 9.79, 20300.000000
1, 9.78, 38600.000000
1, 9.77, 21100.000000
1, 9.76, 34900.000000
1, 9.75, 51700.000000
1, 9.74, 96400.000000
1, 9.73, 23700.000000
1, 9.72, 31700.000000
1, 9.71, 23900.000000
1, 9.70, 58100.000000
1, 9.69, 36200.000000
1, 9.68, 194800.000000
1, 9.67, 31900.000000
1, 9.66, 26800.000000
1, 9.65, 8300.000000
2, 9.64, 7600.000000
2, 9.63, 16800.000000
2, 9.62, 17200.000000
2, 9.61, 157200.000000
2, 9.60, 23200.000000
2, 9.59, 24400.000000
2, 9.58, 26500.000000
2, 9.57, 20100.000000
2, 9.56, 21800.000000
2, 9.55, 26100.000000
2, 9.54, 25700.000000
2, 9.53, 19800.000000
2, 9.52, 57600.000000
2, 9.51, 32800.000000
2, 9.50, 55000.000000
@, 9.64, 9.65
1, 9.80, 39600.000000
1, 9.79, 20300.000000
1, 9.78, 38600.000000
1, 9.77, 21100.000000
1, 9.76, 34900.000000
1, 9.75, 51700.000000
1, 9.74, 96400.000000
1, 9.73, 23700.000000
1, 9.72, 31700.000000
1, 9.71, 23900.000000
1, 9.70, 58100.000000
1, 9.69, 36200.000000
1, 9.68, 194800.000000
1, 9.67, 31900.000000
1, 9.66, 26800.000000
1, 9.65, 6200.000000
2, 9.64, 7700.000000
2, 9.63, 16700.000000
2, 9.62, 17200.000000
2, 9.61, 157200.000000
2, 9.60, 23200.000000
2, 9.59, 24400.000000
2, 9.58, 26500.000000
2, 9.57, 20100.000000
2, 9.56, 21800.000000
2, 9.55, 26100.000000
2, 9.54, 25700.000000
2, 9.53, 19800.000000
2, 9.52, 57600.000000
2, 9.51, 32800.000000
2, 9.50, 55000.000000
@, 9.64, 9.65
1, 9.80, 39600.000000
1, 9.79, 20300.000000
1, 9.78, 38600.000000
1, 9.77, 21100.000000
1, 9.76, 34900.000000
1, 9.75, 51700.000000
1, 9.74, 96400.000000
1, 9.73, 23700.000000
1, 9.72, 31700.000000
1, 9.71, 23900.000000
1, 9.70, 58100.000000
1, 9.69, 36200.000000
1, 9.68, 194800.000000
1, 9.67, 31900.000000
1, 9.66, 26800.000000
1, 9.65, 6200.000000
2, 9.64, 7700.000000
2, 9.63, 16700.000000
2, 9.62, 17200.000000
2, 9.61, 157200.000000
2, 9.60, 23200.000000
2, 9.59, 24400.000000
2, 9.58, 26500.000000
2, 9.57, 20100.000000
2, 9.56, 21800.000000
2, 9.55, 26100.000000
2, 9.54, 25700.000000
2, 9.53, 19800.000000
2, 9.52, 57600.000000
2, 9.51, 32800.000000
2, 9.50, 55000.000000
@, 9.64, 9.65
1, 9.80, 39600.000000
1, 9.79, 20300.000000
1, 9.78, 38600.000000
1, 9.77, 21100.000000
1, 9.76, 34900.000000
1, 9.75, 51700.000000
1, 9.74, 96400.000000
1, 9.73, 23700.000000
1, 9.72, 31700.000000
1, 9.71, 23900.000000
1, 9.70, 58100.000000
1, 9.69, 36200.000000
1, 9.68, 194800.000000
1, 9.67, 31900.000000
1, 9.66, 26800.000000
1, 9.65, 6200.000000
2, 9.64, 7700.000000
2, 9.63, 16700.000000
2, 9.62, 17200.000000
2, 9.61, 157200.000000
2, 9.60, 23200.000000
2, 9.59, 24400.000000
2, 9.58, 26500.000000
2, 9.57, 20100.000000
2, 9.56, 21800.000000
2, 9.55, 26100.000000
2, 9.54, 25700.000000
2, 9.53, 19800.000000
2, 9.52, 57600.000000
2, 9.51, 32800.000000
2, 9.50, 55000.000000
@