, 59.33, 59.35
1, 59.51, 400.000000
1, 59.50, 400.000000
1, 59.49, 600.000000
1, 59.48, 400.000000
1, 59.47, 400.000000
1, 59.46, 700.000000
1, 59.45, 400.000000
1, 59.44, 200.000000
1, 59.43, 500.000000
1, 59.42, 600.000000
1, 59.41, 300.000000
1, 59.40, 900.000000
1, 59.39, 500.000000
1, 59.38, 300.000000
1, 59.36, 100.000000
1, 59.35, 1100.000000
2, 59.33, 100.000000
2, 59.32, 100.000000
2, 59.31, 200.000000
2, 59.30, 400.000000
2, 59.29, 1000.000000
2, 59.28, 1100.000000
2, 59.27, 300.000000
2, 59.26, 300.000000
2, 59.25, 800.000000
2, 59.24, 600.000000
2, 59.23, 1100.000000
2, 59.22, 900.000000
2, 59.21, 600.000000
2, 59.20, 600.000000
2, 59.19, 700.000000
@, 59.30, 59.33
1, 59.48, 400.000000
1, 59.47, 400.000000
1, 59.46, 600.000000
1, 59.45, 400.000000
1, 59.44, 200.000000
1, 59.43, 500.000000
1, 59.42, 600.000000
1, 59.41, 200.000000
1, 59.40, 800.000000
1, 59.39, 500.000000
1, 59.38, 400.000000
1, 59.37, 600.000000
1, 59.36, 300.000000
1, 59.35, 1500.000000
1, 59.34, 500.000000
1, 59.33, 200.000000
2, 59.30, 200.000000
2, 59.29, 700.000000
2, 59.28, 800.000000
2, 59.27, 300.000000
2, 59.26, 300.000000
2, 59.25, 500.000000
2, 59.24, 600.000000
2, 59.23, 1100.000000
2, 59.22, 900.000000
2, 59.21, 600.000000
2, 59.20, 600.000000
2, 59.19, 900.000000
2, 59.18, 600.000000
2, 59.17, 100.000000
2, 59.16, 300.000000
@, 59.30, 59.34
1, 59.49, 600.000000
1, 59.48, 400.000000
1, 59.47, 400.000000
1, 59.46, 600.000000
1, 59.45, 400.000000
1, 59.44, 200.000000
1, 59.43, 700.000000
1, 59.42, 500.000000
1, 59.41, 200.000000
1, 59.40, 700.000000
1, 59.39, 500.000000
1, 59.38, 600.000000
1, 59.37, 800.000000
1, 59.36, 300.000000
1, 59.35, 1500.000000
1, 59.34, 500.000000
2, 59.30, 200.000000
2, 59.29, 800.000000
2, 59.28, 900.000000
2, 59.27, 100.000000
2, 59.26, 400.000000
2, 59.25, 500.000000
2, 59.24, 600.000000
2, 59.23, 1100.000000
2, 59.22, 900.000000
2, 59.21, 600.000000
2, 59.20, 600.000000
2, 59.19, 900.000000
2, 59.18, 600.000000
2, 59.17, 100.000000
2, 59.16, 500.000000
@, 59.30, 59.34
1, 59.49, 600.000000
1, 59.48, 400.000000
1, 59.47, 400.000000
1, 59.46, 600.000000
1, 59.45, 400.000000
1, 59.44, 200.000000
1, 59.43, 700.000000
1, 59.42, 800.000000
1, 59.41, 200.000000
1, 59.40, 700.000000
1, 59.39, 500.000000
1, 59.38, 600.000000
1, 59.37, 800.000000
1, 59.36, 300.000000
1, 59.35, 1500.000000
1, 59.34, 500.000000
2, 59.30, 200.000000
2, 59.29, 800.000000
2, 59.28, 900.000000
2, 59.27, 100.000000
2, 59.26, 400.000000
2, 59.25, 500.000000
2, 59.24, 600.000000
2, 59.23, 1100.000000
2, 59.22, 900.000000
2, 59.21, 600.000000
2, 59.20, 600.000000
2, 59.19, 900.000000
2, 59.18, 600.000000
2, 59.17, 400.000000
2, 59.16, 500.000000
@, 59.30, 59.34
1, 59.49, 600.000000
1, 59.48, 400.000000
1, 59.47, 400.000000
1, 59.46, 600.000000
1, 59.45, 400.000000
1, 59.44, 200.000000
1, 59.43, 700.000000
1, 59.42, 800.000000
1, 59.41, 200.000000
1, 59.40, 700.000000
1, 59.39, 600.000000
1, 59.38, 600.000000
1, 59.37, 800.000000
1, 59.36, 300.000000
1, 59.35, 1500.000000
1, 59.34, 500.000000
2, 59.30, 200.000000
2, 59.29, 800.000000
2, 59.28, 1000.000000
2, 59.27, 100.000000
2, 59.26, 400.000000
2, 59.25, 500.000000
2, 59.24, 600.000000
2, 59.23, 1100.000000
2, 59.22, 900.000000
2, 59.21, 600.000000
2, 59.20, 600.000000
2, 59.19, 900.000000
2, 59.18, 600.000000
2, 59.17, 400.000000
2, 59.16, 500.000000
@, 59.30, 59.34
1, 59.49, 600.000000
1, 59.48, 400.000000
1, 59.47, 400.000000
1, 59.46, 600.000000
1, 59.45, 400.000000
1, 59.44, 200.000000
1, 59.43, 1000.000000
1, 59.42, 800.000000
1, 59.41, 200.000000
1, 59.40, 700.000000
1, 59.39, 600.000000
1, 59.38, 600.000000
1, 59.37, 800.000000
1, 59.36, 300.000000
1, 59.35, 1600.000000
1, 59.34, 500.000000
2, 59.30, 200.000000
2, 59.29, 800.000000
2, 59.28, 1000.000000
2, 59.27, 100.000000
2, 59.26, 400.000000
2, 59.25, 500.000000
2, 59.24, 600.000000
2, 59.23, 1100.000000
2, 59.22, 900.000000
2, 59.21, 600.000000
2, 59.20, 600.000000
2, 59.19, 900.000000
2, 59.18, 600.000000
2, 59.17, 400.000000
2, 59.16, 800.000000
@, 59.29, 59.33
1, 59.48, 400.000000
1, 59.47, 400.000000
1, 59.46, 600.000000
1, 59.45, 400.000000
1, 59.44, 100.000000
1, 59.43, 900.000000
1, 59.42, 700.000000
1, 59.41, 100.000000
1, 59.40, 700.000000
1, 59.39, 500.000000
1, 59.38, 700.000000
1, 59.37, 900.000000
1, 59.36, 400.000000
1, 59.35, 1700.000000
1, 59.34, 700.000000
1, 59.33, 200.000000
2, 59.29, 700.000000
2, 59.28, 1000.000000
2, 59.27, 100.000000
2, 59.26, 400.000000
2, 59.25, 500.000000
2, 59.24, 600.000000
2, 59.23, 1100.000000
2, 59.22, 900.000000
2, 59.21, 600.000000
2, 59.20, 600.000000
2, 59.19, 900.000000
2, 59.18, 600.000000
2, 59.17, 400.000000
2, 59.16, 800.000000
2, 59.15, 100.000000
@, 59.29, 59.32
1, 59.47, 400.000000
1, 59.46, 600.000000
1, 59.45, 400.000000
1, 59.44, 100.000000
1, 59.43, 900.000000
1, 59.42, 700.000000
1, 59.41, 100.000000
1, 59.40, 700.000000
1, 59.39, 500.000000
1, 59.38, 700.000000
1, 59.37, 900.000000
1, 59.36, 400.000000
1, 59.35, 1700.000000
1, 59.34, 700.000000
1, 59.33, 300.000000
1, 59.32, 300.000000
2, 59.29, 400.000000
2, 59.28, 900.000000
2, 59.27, 100.000000
2, 59.26, 400.000000
2, 59.25, 500.000000
2, 59.24, 600.000000
2, 59.23, 1100.000000
2, 59.22, 900.000000
2, 59.21, 600.000000
2, 59.20, 600.000000
2, 59.19, 900.000000
2, 59.18, 600.000000
2, 59.17, 400.000000
2, 59.16, 800.000000
2, 59.15, 100.000000
@, 59.29, 59.32
1, 59.47, 400.000000
1, 59.46, 600.000000
1, 59.45, 400.000000
1, 59.44, 100.000000
1, 59.43, 900.000000
1, 59.42, 700.000000
1, 59.41, 100.000000
1, 59.40, 1000.000000
1, 59.39, 400.000000
1, 59.38, 700.000000
1, 59.37, 800.000000
1, 59.36, 400.000000
1, 59.35, 1700.000000
1, 59.34, 900.000000
1, 59.33, 200.000000
1, 59.32, 600.000000
2, 59.29, 200.000000
2, 59.28, 600.000000
2, 59.27, 100.000000
2, 59.26, 500.000000
2, 59.25, 500.000000
2, 59.24, 600.000000
2, 59.23, 1100.000000
2, 59.22, 900.000000
2, 59.21, 600.000000
2, 59.20, 600.000000
2, 59.19, 900.000000
2, 59.18, 600.000000
2, 59.17, 400.000000
2, 59.16, 800.000000
2, 59.15, 400.000000
@, 59.29, 59.32
1, 59.47, 400.000000
1, 59.46, 600.000000
1, 59.45, 400.000000
1, 59.44, 100.000000
1, 59.43, 900.000000
1, 59.42, 600.000000
1, 59.41, 100.000000
1, 59.40, 1000.000000
1, 59.39, 400.000000
1, 59.38, 700.000000
1, 59.37, 700.000000
1, 59.36, 400.000000
1, 59.35, 1700.000000
1, 59.34, 1000.000000
1, 59.33, 200.000000
1, 59.32, 600.000000
2, 59.29, 200.000000
2, 59.28, 600.000000
2, 59.27, 100.000000
2, 59.26, 500.000000
2, 59.25, 500.000000
2, 59.24, 600.000000
2, 59.23, 1100.000000
2, 59.22, 900.000000
2, 59.21, 600.000000
2, 59.20, 600.000000
2, 59.19, 900.000000
2, 59.18, 600.000000
2, 59.17, 400.000000
2, 59.16, 800.000000
2, 59.15, 400.000000
@