, 3.60, 3.66
1, 3.94, 5300.000000
1, 3.90, 1000.000000
1, 3.89, 200.000000
1, 3.88, 200.000000
1, 3.85, 100.000000
1, 3.84, 2800.000000
1, 3.83, 800.000000
1, 3.82, 500.000000
1, 3.81, 200.000000
1, 3.80, 3000.000000
1, 3.79, 100.000000
1, 3.77, 2000.000000
1, 3.75, 2000.000000
1, 3.71, 200.000000
1, 3.70, 100.000000
1, 3.66, 2800.000000
2, 3.60, 200.000000
2, 3.52, 5000.000000
2, 3.51, 7300.000000
2, 3.50, 1900.000000
2, 3.49, 2000.000000
2, 3.47, 1000.000000
2, 3.45, 100.000000
2, 3.43, 4000.000000
2, 3.42, 200.000000
2, 3.41, 3100.000000
2, 3.40, 18500.000000
2, 3.38, 10000.000000
2, 3.35, 4000.000000
2, 3.33, 1000.000000
2, 3.31, 1000.000000
@, 3.60, 3.66
1, 3.94, 5300.000000
1, 3.90, 1000.000000
1, 3.89, 200.000000
1, 3.88, 200.000000
1, 3.85, 100.000000
1, 3.84, 2800.000000
1, 3.83, 800.000000
1, 3.82, 500.000000
1, 3.81, 200.000000
1, 3.80, 3000.000000
1, 3.79, 100.000000
1, 3.77, 2000.000000
1, 3.75, 2000.000000
1, 3.71, 200.000000
1, 3.70, 100.000000
1, 3.66, 2800.000000
2, 3.60, 200.000000
2, 3.52, 5000.000000
2, 3.51, 7300.000000
2, 3.50, 1900.000000
2, 3.49, 2000.000000
2, 3.47, 1000.000000
2, 3.45, 100.000000
2, 3.43, 4000.000000
2, 3.42, 200.000000
2, 3.41, 3100.000000
2, 3.40, 18500.000000
2, 3.38, 10000.000000
2, 3.35, 4000.000000
2, 3.33, 1000.000000
2, 3.31, 1000.000000
@, 3.60, 3.66
1, 3.94, 5300.000000
1, 3.90, 1000.000000
1, 3.89, 200.000000
1, 3.88, 200.000000
1, 3.85, 100.000000
1, 3.84, 2800.000000
1, 3.83, 800.000000
1, 3.82, 500.000000
1, 3.81, 200.000000
1, 3.80, 3000.000000
1, 3.79, 100.000000
1, 3.77, 2000.000000
1, 3.75, 2000.000000
1, 3.71, 200.000000
1, 3.70, 100.000000
1, 3.66, 2800.000000
2, 3.60, 200.000000
2, 3.52, 5000.000000
2, 3.51, 7300.000000
2, 3.50, 1900.000000
2, 3.49, 2000.000000
2, 3.47, 1000.000000
2, 3.45, 100.000000
2, 3.43, 4000.000000
2, 3.42, 200.000000
2, 3.41, 3100.000000
2, 3.40, 18500.000000
2, 3.38, 10000.000000
2, 3.35, 4000.000000
2, 3.33, 1000.000000
2, 3.31, 1000.000000
@, 3.60, 3.66
1, 3.94, 5300.000000
1, 3.90, 1000.000000
1, 3.89, 200.000000
1, 3.88, 200.000000
1, 3.85, 100.000000
1, 3.84, 2800.000000
1, 3.83, 800.000000
1, 3.82, 500.000000
1, 3.81, 200.000000
1, 3.80, 3000.000000
1, 3.79, 100.000000
1, 3.77, 2000.000000
1, 3.75, 2000.000000
1, 3.71, 200.000000
1, 3.70, 100.000000
1, 3.66, 2800.000000
2, 3.60, 200.000000
2, 3.52, 5000.000000
2, 3.51, 7300.000000
2, 3.50, 1900.000000
2, 3.49, 2000.000000
2, 3.47, 1000.000000
2, 3.45, 100.000000
2, 3.43, 4000.000000
2, 3.42, 200.000000
2, 3.41, 3100.000000
2, 3.40, 18500.000000
2, 3.38, 10000.000000
2, 3.35, 4000.000000
2, 3.33, 1000.000000
2, 3.31, 1000.000000
@, 3.60, 3.66
1, 3.94, 5300.000000
1, 3.90, 1000.000000
1, 3.89, 200.000000
1, 3.88, 200.000000
1, 3.85, 100.000000
1, 3.84, 2800.000000
1, 3.83, 800.000000
1, 3.82, 500.000000
1, 3.81, 200.000000
1, 3.80, 3000.000000
1, 3.79, 100.000000
1, 3.77, 2000.000000
1, 3.75, 2000.000000
1, 3.71, 200.000000
1, 3.70, 100.000000
1, 3.66, 2800.000000
2, 3.60, 200.000000
2, 3.52, 5000.000000
2, 3.51, 7300.000000
2, 3.50, 1900.000000
2, 3.49, 2000.000000
2, 3.47, 1000.000000
2, 3.45, 100.000000
2, 3.43, 4000.000000
2, 3.42, 200.000000
2, 3.41, 3100.000000
2, 3.40, 18500.000000
2, 3.38, 10000.000000
2, 3.35, 4000.000000
2, 3.33, 1000.000000
2, 3.31, 1000.000000
@, 3.60, 3.66
1, 3.94, 5300.000000
1, 3.90, 1000.000000
1, 3.89, 200.000000
1, 3.88, 200.000000
1, 3.85, 100.000000
1, 3.84, 2800.000000
1, 3.83, 800.000000
1, 3.82, 500.000000
1, 3.81, 200.000000
1, 3.80, 3000.000000
1, 3.79, 100.000000
1, 3.77, 2000.000000
1, 3.75, 2000.000000
1, 3.71, 200.000000
1, 3.70, 100.000000
1, 3.66, 2800.000000
2, 3.60, 200.000000
2, 3.52, 5000.000000
2, 3.51, 7300.000000
2, 3.50, 1900.000000
2, 3.49, 2000.000000
2, 3.47, 1000.000000
2, 3.45, 100.000000
2, 3.43, 4000.000000
2, 3.42, 200.000000
2, 3.41, 3100.000000
2, 3.40, 18500.000000
2, 3.38, 10000.000000
2, 3.35, 4000.000000
2, 3.33, 1000.000000
2, 3.31, 1000.000000
@, 3.60, 3.66
1, 3.94, 5300.000000
1, 3.90, 1000.000000
1, 3.89, 200.000000
1, 3.88, 200.000000
1, 3.85, 100.000000
1, 3.84, 2800.000000
1, 3.83, 800.000000
1, 3.82, 500.000000
1, 3.81, 200.000000
1, 3.80, 3000.000000
1, 3.79, 100.000000
1, 3.77, 2000.000000
1, 3.75, 2000.000000
1, 3.71, 200.000000
1, 3.70, 100.000000
1, 3.66, 2800.000000
2, 3.60, 200.000000
2, 3.52, 5000.000000
2, 3.51, 7300.000000
2, 3.50, 1900.000000
2, 3.49, 2000.000000
2, 3.47, 1000.000000
2, 3.45, 100.000000
2, 3.43, 4000.000000
2, 3.42, 200.000000
2, 3.41, 3100.000000
2, 3.40, 18500.000000
2, 3.38, 10000.000000
2, 3.35, 4000.000000
2, 3.33, 1000.000000
2, 3.31, 1000.000000
@, 3.60, 3.66
1, 3.94, 5300.000000
1, 3.90, 1000.000000
1, 3.89, 200.000000
1, 3.88, 200.000000
1, 3.85, 100.000000
1, 3.84, 2800.000000
1, 3.83, 800.000000
1, 3.82, 500.000000
1, 3.81, 200.000000
1, 3.80, 3000.000000
1, 3.79, 100.000000
1, 3.77, 2000.000000
1, 3.75, 2000.000000
1, 3.71, 200.000000
1, 3.70, 100.000000
1, 3.66, 2800.000000
2, 3.60, 200.000000
2, 3.52, 5000.000000
2, 3.51, 7300.000000
2, 3.50, 1900.000000
2, 3.49, 2000.000000
2, 3.47, 1000.000000
2, 3.45, 100.000000
2, 3.43, 4000.000000
2, 3.42, 200.000000
2, 3.41, 3100.000000
2, 3.40, 18500.000000
2, 3.38, 10000.000000
2, 3.35, 4000.000000
2, 3.33, 1000.000000
2, 3.31, 1000.000000
@, 3.60, 3.66
1, 3.94, 5300.000000
1, 3.90, 1000.000000
1, 3.89, 200.000000
1, 3.88, 200.000000
1, 3.85, 100.000000
1, 3.84, 2800.000000
1, 3.83, 800.000000
1, 3.82, 500.000000
1, 3.81, 200.000000
1, 3.80, 3000.000000
1, 3.79, 100.000000
1, 3.77, 2000.000000
1, 3.75, 2000.000000
1, 3.71, 200.000000
1, 3.70, 100.000000
1, 3.66, 2800.000000
2, 3.60, 200.000000
2, 3.52, 5000.000000
2, 3.51, 7300.000000
2, 3.50, 1900.000000
2, 3.49, 2000.000000
2, 3.47, 1000.000000
2, 3.45, 100.000000
2, 3.43, 4000.000000
2, 3.42, 200.000000
2, 3.41, 3100.000000
2, 3.40, 18500.000000
2, 3.38, 10000.000000
2, 3.35, 4000.000000
2, 3.33, 1000.000000
2, 3.31, 1000.000000
@, 3.60, 3.66
1, 3.94, 5300.000000
1, 3.90, 1000.000000
1, 3.89, 200.000000
1, 3.88, 200.000000
1, 3.85, 100.000000
1, 3.84, 2800.000000
1, 3.83, 800.000000
1, 3.82, 500.000000
1, 3.81, 200.000000
1, 3.80, 3000.000000
1, 3.79, 100.000000
1, 3.77, 2000.000000
1, 3.75, 2000.000000
1, 3.71, 200.000000
1, 3.70, 100.000000
1, 3.66, 2800.000000
2, 3.60, 200.000000
2, 3.52, 5000.000000
2, 3.51, 7300.000000
2, 3.50, 1900.000000
2, 3.49, 2000.000000
2, 3.47, 1000.000000
2, 3.45, 100.000000
2, 3.43, 4000.000000
2, 3.42, 200.000000
2, 3.41, 3100.000000
2, 3.40, 18500.000000
2, 3.38, 10000.000000
2, 3.35, 4000.000000
2, 3.33, 1000.000000
2, 3.31, 1000.000000
@