, 4.43, 4.48
1, 5.02, 100.000000
1, 5.00, 4700.000000
1, 4.99, 400.000000
1, 4.94, 500.000000
1, 4.87, 700.000000
1, 4.80, 1200.000000
1, 4.79, 200.000000
1, 4.75, 100.000000
1, 4.70, 300.000000
1, 4.66, 300.000000
1, 4.64, 2800.000000
1, 4.61, 400.000000
1, 4.60, 100.000000
1, 4.50, 900.000000
1, 4.49, 400.000000
1, 4.48, 3700.000000
2, 4.43, 100.000000
2, 4.42, 2200.000000
2, 4.41, 4200.000000
2, 4.40, 4300.000000
2, 4.39, 1200.000000
2, 4.38, 1000.000000
2, 4.36, 5000.000000
2, 4.31, 2000.000000
2, 4.22, 2500.000000
2, 4.05, 200.000000
2, 4.00, 1000.000000
2, 3.97, 1700.000000
2, 3.90, 1100.000000
2, 3.80, 2000.000000
2, 3.70, 1000.000000
@, 4.43, 4.48
1, 5.02, 100.000000
1, 5.00, 4700.000000
1, 4.99, 400.000000
1, 4.94, 500.000000
1, 4.87, 700.000000
1, 4.80, 1200.000000
1, 4.79, 200.000000
1, 4.75, 100.000000
1, 4.70, 300.000000
1, 4.66, 300.000000
1, 4.64, 2800.000000
1, 4.61, 400.000000
1, 4.60, 100.000000
1, 4.50, 900.000000
1, 4.49, 400.000000
1, 4.48, 3700.000000
2, 4.43, 100.000000
2, 4.42, 2200.000000
2, 4.41, 4200.000000
2, 4.40, 4300.000000
2, 4.39, 1200.000000
2, 4.38, 1000.000000
2, 4.36, 5000.000000
2, 4.31, 2000.000000
2, 4.22, 2500.000000
2, 4.05, 200.000000
2, 4.00, 1000.000000
2, 3.97, 1700.000000
2, 3.90, 1100.000000
2, 3.80, 2000.000000
2, 3.70, 1000.000000
@, 4.43, 4.48
1, 5.02, 100.000000
1, 5.00, 4700.000000
1, 4.99, 400.000000
1, 4.94, 500.000000
1, 4.87, 700.000000
1, 4.80, 1200.000000
1, 4.79, 200.000000
1, 4.75, 100.000000
1, 4.70, 300.000000
1, 4.66, 300.000000
1, 4.64, 2800.000000
1, 4.61, 400.000000
1, 4.60, 100.000000
1, 4.50, 900.000000
1, 4.49, 400.000000
1, 4.48, 3700.000000
2, 4.43, 100.000000
2, 4.42, 2200.000000
2, 4.41, 4200.000000
2, 4.40, 4300.000000
2, 4.39, 1200.000000
2, 4.38, 1000.000000
2, 4.36, 5000.000000
2, 4.31, 2000.000000
2, 4.22, 2500.000000
2, 4.05, 200.000000
2, 4.00, 1000.000000
2, 3.97, 1700.000000
2, 3.90, 1100.000000
2, 3.80, 2000.000000
2, 3.70, 1000.000000
@, 4.43, 4.48
1, 5.02, 100.000000
1, 5.00, 4700.000000
1, 4.99, 400.000000
1, 4.94, 500.000000
1, 4.87, 700.000000
1, 4.80, 1200.000000
1, 4.79, 200.000000
1, 4.75, 100.000000
1, 4.70, 300.000000
1, 4.66, 300.000000
1, 4.64, 2800.000000
1, 4.61, 400.000000
1, 4.60, 100.000000
1, 4.50, 900.000000
1, 4.49, 400.000000
1, 4.48, 3700.000000
2, 4.43, 100.000000
2, 4.42, 2200.000000
2, 4.41, 4200.000000
2, 4.40, 4300.000000
2, 4.39, 1200.000000
2, 4.38, 1000.000000
2, 4.36, 5000.000000
2, 4.31, 2000.000000
2, 4.22, 2500.000000
2, 4.05, 200.000000
2, 4.00, 1000.000000
2, 3.97, 1700.000000
2, 3.90, 1100.000000
2, 3.80, 2000.000000
2, 3.70, 1000.000000
@, 4.43, 4.48
1, 5.02, 100.000000
1, 5.00, 4700.000000
1, 4.99, 400.000000
1, 4.94, 500.000000
1, 4.87, 700.000000
1, 4.80, 1200.000000
1, 4.79, 200.000000
1, 4.75, 100.000000
1, 4.70, 300.000000
1, 4.66, 300.000000
1, 4.64, 2800.000000
1, 4.61, 400.000000
1, 4.60, 100.000000
1, 4.50, 900.000000
1, 4.49, 400.000000
1, 4.48, 3700.000000
2, 4.43, 100.000000
2, 4.42, 2200.000000
2, 4.41, 4200.000000
2, 4.40, 4300.000000
2, 4.39, 1200.000000
2, 4.38, 1000.000000
2, 4.36, 5000.000000
2, 4.31, 2000.000000
2, 4.22, 2500.000000
2, 4.05, 200.000000
2, 4.00, 1000.000000
2, 3.97, 1700.000000
2, 3.90, 1100.000000
2, 3.80, 2000.000000
2, 3.70, 1000.000000
@, 4.43, 4.48
1, 5.02, 100.000000
1, 5.00, 4700.000000
1, 4.99, 400.000000
1, 4.94, 500.000000
1, 4.87, 700.000000
1, 4.80, 1200.000000
1, 4.79, 200.000000
1, 4.75, 100.000000
1, 4.70, 300.000000
1, 4.66, 300.000000
1, 4.64, 2800.000000
1, 4.61, 400.000000
1, 4.60, 100.000000
1, 4.50, 900.000000
1, 4.49, 400.000000
1, 4.48, 3700.000000
2, 4.43, 100.000000
2, 4.42, 2200.000000
2, 4.41, 4200.000000
2, 4.40, 4300.000000
2, 4.39, 1200.000000
2, 4.38, 1000.000000
2, 4.36, 5000.000000
2, 4.31, 2000.000000
2, 4.22, 2500.000000
2, 4.05, 200.000000
2, 4.00, 1000.000000
2, 3.97, 1700.000000
2, 3.90, 1100.000000
2, 3.80, 2000.000000
2, 3.70, 1000.000000
@, 4.43, 4.48
1, 5.02, 100.000000
1, 5.00, 4700.000000
1, 4.99, 400.000000
1, 4.94, 500.000000
1, 4.87, 700.000000
1, 4.80, 1200.000000
1, 4.79, 200.000000
1, 4.75, 100.000000
1, 4.70, 300.000000
1, 4.66, 300.000000
1, 4.64, 2800.000000
1, 4.61, 400.000000
1, 4.60, 100.000000
1, 4.50, 900.000000
1, 4.49, 400.000000
1, 4.48, 3700.000000
2, 4.43, 100.000000
2, 4.42, 2200.000000
2, 4.41, 4200.000000
2, 4.40, 4300.000000
2, 4.39, 1200.000000
2, 4.38, 1000.000000
2, 4.36, 5000.000000
2, 4.31, 2000.000000
2, 4.22, 2500.000000
2, 4.05, 200.000000
2, 4.00, 1000.000000
2, 3.97, 1700.000000
2, 3.90, 1100.000000
2, 3.80, 2000.000000
2, 3.70, 1000.000000
@, 4.43, 4.48
1, 5.02, 100.000000
1, 5.00, 4700.000000
1, 4.99, 400.000000
1, 4.94, 500.000000
1, 4.87, 700.000000
1, 4.80, 1200.000000
1, 4.79, 200.000000
1, 4.75, 100.000000
1, 4.70, 300.000000
1, 4.66, 300.000000
1, 4.64, 2800.000000
1, 4.61, 400.000000
1, 4.60, 100.000000
1, 4.50, 900.000000
1, 4.49, 400.000000
1, 4.48, 3700.000000
2, 4.43, 100.000000
2, 4.42, 2200.000000
2, 4.41, 4200.000000
2, 4.40, 4300.000000
2, 4.39, 1200.000000
2, 4.38, 1000.000000
2, 4.36, 5000.000000
2, 4.31, 2000.000000
2, 4.22, 2500.000000
2, 4.05, 200.000000
2, 4.00, 1000.000000
2, 3.97, 1700.000000
2, 3.90, 1100.000000
2, 3.80, 2000.000000
2, 3.70, 1000.000000
@, 4.43, 4.48
1, 5.02, 100.000000
1, 5.00, 4700.000000
1, 4.99, 400.000000
1, 4.94, 500.000000
1, 4.87, 700.000000
1, 4.80, 1200.000000
1, 4.79, 200.000000
1, 4.75, 100.000000
1, 4.70, 300.000000
1, 4.66, 300.000000
1, 4.64, 2800.000000
1, 4.61, 400.000000
1, 4.60, 100.000000
1, 4.50, 900.000000
1, 4.49, 400.000000
1, 4.48, 3700.000000
2, 4.43, 100.000000
2, 4.42, 2200.000000
2, 4.41, 4200.000000
2, 4.40, 4300.000000
2, 4.39, 1200.000000
2, 4.38, 1000.000000
2, 4.36, 5000.000000
2, 4.31, 2000.000000
2, 4.22, 2500.000000
2, 4.05, 200.000000
2, 4.00, 1000.000000
2, 3.97, 1700.000000
2, 3.90, 1100.000000
2, 3.80, 2000.000000
2, 3.70, 1000.000000
@, 4.43, 4.48
1, 5.02, 100.000000
1, 5.00, 4700.000000
1, 4.99, 400.000000
1, 4.94, 500.000000
1, 4.87, 700.000000
1, 4.80, 1200.000000
1, 4.79, 200.000000
1, 4.75, 100.000000
1, 4.70, 300.000000
1, 4.66, 300.000000
1, 4.64, 2800.000000
1, 4.61, 400.000000
1, 4.60, 100.000000
1, 4.50, 900.000000
1, 4.49, 400.000000
1, 4.48, 3700.000000
2, 4.43, 100.000000
2, 4.42, 2200.000000
2, 4.41, 4200.000000
2, 4.40, 4300.000000
2, 4.39, 1200.000000
2, 4.38, 1000.000000
2, 4.36, 5000.000000
2, 4.31, 2000.000000
2, 4.22, 2500.000000
2, 4.05, 200.000000
2, 4.00, 1000.000000
2, 3.97, 1700.000000
2, 3.90, 1100.000000
2, 3.80, 2000.000000
2, 3.70, 1000.000000
@