, 8.31, 8.45
1, 9.84, 500.000000
1, 9.78, 200.000000
1, 9.66, 200.000000
1, 9.50, 100.000000
1, 9.49, 200.000000
1, 9.47, 500.000000
1, 9.45, 100.000000
1, 9.37, 1000.000000
1, 9.20, 100.000000
1, 9.17, 500.000000
1, 9.10, 100.000000
1, 8.99, 200.000000
1, 8.98, 200.000000
1, 8.88, 100.000000
1, 8.50, 900.000000
1, 8.45, 600.000000
2, 8.31, 2000.000000
2, 8.30, 100.000000
2, 8.25, 800.000000
2, 8.21, 300.000000
2, 8.10, 400.000000
2, 8.07, 400.000000
2, 7.99, 100.000000
2, 7.96, 900.000000
2, 7.95, 1300.000000
2, 7.82, 1000.000000
2, 7.81, 500.000000
2, 7.80, 3000.000000
2, 7.78, 1000.000000
2, 7.76, 100.000000
2, 7.75, 300.000000
@, 8.31, 8.45
1, 9.84, 500.000000
1, 9.78, 200.000000
1, 9.66, 200.000000
1, 9.50, 100.000000
1, 9.49, 200.000000
1, 9.47, 500.000000
1, 9.45, 100.000000
1, 9.37, 1000.000000
1, 9.20, 100.000000
1, 9.17, 500.000000
1, 9.10, 100.000000
1, 8.99, 200.000000
1, 8.98, 200.000000
1, 8.88, 100.000000
1, 8.50, 900.000000
1, 8.45, 600.000000
2, 8.31, 2000.000000
2, 8.30, 100.000000
2, 8.25, 800.000000
2, 8.21, 300.000000
2, 8.10, 400.000000
2, 8.07, 400.000000
2, 7.99, 100.000000
2, 7.96, 900.000000
2, 7.95, 1300.000000
2, 7.82, 1000.000000
2, 7.81, 500.000000
2, 7.80, 3000.000000
2, 7.78, 1000.000000
2, 7.76, 100.000000
2, 7.75, 300.000000
@, 8.31, 8.45
1, 9.84, 500.000000
1, 9.78, 200.000000
1, 9.66, 200.000000
1, 9.50, 100.000000
1, 9.49, 200.000000
1, 9.47, 500.000000
1, 9.45, 100.000000
1, 9.37, 1000.000000
1, 9.20, 100.000000
1, 9.17, 500.000000
1, 9.10, 100.000000
1, 8.99, 200.000000
1, 8.98, 200.000000
1, 8.88, 100.000000
1, 8.50, 900.000000
1, 8.45, 600.000000
2, 8.31, 2000.000000
2, 8.30, 100.000000
2, 8.25, 800.000000
2, 8.21, 300.000000
2, 8.10, 400.000000
2, 8.07, 400.000000
2, 7.99, 100.000000
2, 7.96, 900.000000
2, 7.95, 1300.000000
2, 7.82, 1000.000000
2, 7.81, 500.000000
2, 7.80, 3000.000000
2, 7.78, 1000.000000
2, 7.76, 100.000000
2, 7.75, 300.000000
@, 8.31, 8.45
1, 9.84, 500.000000
1, 9.78, 200.000000
1, 9.66, 200.000000
1, 9.50, 100.000000
1, 9.49, 200.000000
1, 9.47, 500.000000
1, 9.45, 100.000000
1, 9.37, 1000.000000
1, 9.20, 100.000000
1, 9.17, 500.000000
1, 9.10, 100.000000
1, 8.99, 200.000000
1, 8.98, 200.000000
1, 8.88, 100.000000
1, 8.50, 900.000000
1, 8.45, 600.000000
2, 8.31, 2000.000000
2, 8.30, 100.000000
2, 8.25, 800.000000
2, 8.21, 300.000000
2, 8.10, 400.000000
2, 8.07, 400.000000
2, 7.99, 100.000000
2, 7.96, 900.000000
2, 7.95, 1300.000000
2, 7.82, 1000.000000
2, 7.81, 500.000000
2, 7.80, 3000.000000
2, 7.78, 1000.000000
2, 7.76, 100.000000
2, 7.75, 300.000000
@, 8.31, 8.45
1, 9.84, 500.000000
1, 9.78, 200.000000
1, 9.66, 200.000000
1, 9.50, 100.000000
1, 9.49, 200.000000
1, 9.47, 500.000000
1, 9.45, 100.000000
1, 9.37, 1000.000000
1, 9.20, 100.000000
1, 9.17, 500.000000
1, 9.10, 100.000000
1, 8.99, 200.000000
1, 8.98, 200.000000
1, 8.88, 100.000000
1, 8.50, 900.000000
1, 8.45, 600.000000
2, 8.31, 2000.000000
2, 8.30, 100.000000
2, 8.25, 800.000000
2, 8.21, 300.000000
2, 8.10, 400.000000
2, 8.07, 400.000000
2, 7.99, 100.000000
2, 7.96, 900.000000
2, 7.95, 1300.000000
2, 7.82, 1000.000000
2, 7.81, 500.000000
2, 7.80, 3000.000000
2, 7.78, 1000.000000
2, 7.76, 100.000000
2, 7.75, 300.000000
@, 8.31, 8.45
1, 9.84, 500.000000
1, 9.78, 200.000000
1, 9.66, 200.000000
1, 9.50, 100.000000
1, 9.49, 200.000000
1, 9.47, 500.000000
1, 9.45, 100.000000
1, 9.37, 1000.000000
1, 9.20, 100.000000
1, 9.17, 500.000000
1, 9.10, 100.000000
1, 8.99, 200.000000
1, 8.98, 200.000000
1, 8.88, 100.000000
1, 8.50, 900.000000
1, 8.45, 600.000000
2, 8.31, 2000.000000
2, 8.30, 100.000000
2, 8.25, 800.000000
2, 8.21, 300.000000
2, 8.10, 400.000000
2, 8.07, 400.000000
2, 7.99, 100.000000
2, 7.96, 900.000000
2, 7.95, 1300.000000
2, 7.82, 1000.000000
2, 7.81, 500.000000
2, 7.80, 3000.000000
2, 7.78, 1000.000000
2, 7.76, 100.000000
2, 7.75, 300.000000
@, 8.31, 8.45
1, 9.84, 500.000000
1, 9.78, 200.000000
1, 9.66, 200.000000
1, 9.50, 100.000000
1, 9.49, 200.000000
1, 9.47, 500.000000
1, 9.45, 100.000000
1, 9.37, 1000.000000
1, 9.20, 100.000000
1, 9.17, 500.000000
1, 9.10, 100.000000
1, 8.99, 200.000000
1, 8.98, 200.000000
1, 8.88, 100.000000
1, 8.50, 900.000000
1, 8.45, 600.000000
2, 8.31, 2000.000000
2, 8.30, 100.000000
2, 8.25, 800.000000
2, 8.21, 300.000000
2, 8.10, 400.000000
2, 8.07, 400.000000
2, 7.99, 100.000000
2, 7.96, 900.000000
2, 7.95, 1300.000000
2, 7.82, 1000.000000
2, 7.81, 500.000000
2, 7.80, 3000.000000
2, 7.78, 1000.000000
2, 7.76, 100.000000
2, 7.75, 300.000000
@, 8.31, 8.45
1, 9.84, 500.000000
1, 9.78, 200.000000
1, 9.66, 200.000000
1, 9.50, 100.000000
1, 9.49, 200.000000
1, 9.47, 500.000000
1, 9.45, 100.000000
1, 9.37, 1000.000000
1, 9.20, 100.000000
1, 9.17, 500.000000
1, 9.10, 100.000000
1, 8.99, 200.000000
1, 8.98, 200.000000
1, 8.88, 100.000000
1, 8.50, 900.000000
1, 8.45, 600.000000
2, 8.31, 2000.000000
2, 8.30, 100.000000
2, 8.25, 800.000000
2, 8.21, 300.000000
2, 8.10, 400.000000
2, 8.07, 400.000000
2, 7.99, 100.000000
2, 7.96, 900.000000
2, 7.95, 1300.000000
2, 7.82, 1000.000000
2, 7.81, 500.000000
2, 7.80, 3000.000000
2, 7.78, 1000.000000
2, 7.76, 100.000000
2, 7.75, 300.000000
@, 8.31, 8.45
1, 9.84, 500.000000
1, 9.78, 200.000000
1, 9.66, 200.000000
1, 9.50, 100.000000
1, 9.49, 200.000000
1, 9.47, 500.000000
1, 9.45, 100.000000
1, 9.37, 1000.000000
1, 9.20, 100.000000
1, 9.17, 500.000000
1, 9.10, 100.000000
1, 8.99, 200.000000
1, 8.98, 200.000000
1, 8.88, 100.000000
1, 8.50, 900.000000
1, 8.45, 600.000000
2, 8.31, 2000.000000
2, 8.30, 100.000000
2, 8.25, 800.000000
2, 8.21, 300.000000
2, 8.10, 400.000000
2, 8.07, 400.000000
2, 7.99, 100.000000
2, 7.96, 900.000000
2, 7.95, 1300.000000
2, 7.82, 1000.000000
2, 7.81, 500.000000
2, 7.80, 3000.000000
2, 7.78, 1000.000000
2, 7.76, 100.000000
2, 7.75, 300.000000
@, 8.31, 8.45
1, 9.84, 500.000000
1, 9.78, 200.000000
1, 9.66, 200.000000
1, 9.50, 100.000000
1, 9.49, 200.000000
1, 9.47, 500.000000
1, 9.45, 100.000000
1, 9.37, 1000.000000
1, 9.20, 100.000000
1, 9.17, 500.000000
1, 9.10, 100.000000
1, 8.99, 200.000000
1, 8.98, 200.000000
1, 8.88, 100.000000
1, 8.50, 900.000000
1, 8.45, 600.000000
2, 8.31, 2000.000000
2, 8.30, 100.000000
2, 8.25, 800.000000
2, 8.21, 300.000000
2, 8.10, 400.000000
2, 8.07, 400.000000
2, 7.99, 100.000000
2, 7.96, 900.000000
2, 7.95, 1300.000000
2, 7.82, 1000.000000
2, 7.81, 500.000000
2, 7.80, 3000.000000
2, 7.78, 1000.000000
2, 7.76, 100.000000
2, 7.75, 300.000000
@