, 7.92, 8.18
1, 9.49, 5100.000000
1, 9.30, 200.000000
1, 9.29, 500.000000
1, 9.20, 500.000000
1, 9.10, 200.000000
1, 9.00, 800.000000
1, 8.94, 300.000000
1, 8.90, 300.000000
1, 8.80, 200.000000
1, 8.74, 500.000000
1, 8.50, 1100.000000
1, 8.45, 300.000000
1, 8.30, 1000.000000
1, 8.29, 500.000000
1, 8.19, 100.000000
1, 8.18, 100.000000
2, 7.92, 100.000000
2, 7.75, 200.000000
2, 7.56, 300.000000
2, 7.20, 400.000000
2, 7.19, 4000.000000
2, 7.00, 800.000000
2, 4.00, 1000.000000
@, 7.92, 8.18
1, 9.49, 5100.000000
1, 9.30, 200.000000
1, 9.29, 500.000000
1, 9.20, 500.000000
1, 9.10, 200.000000
1, 9.00, 800.000000
1, 8.94, 300.000000
1, 8.90, 300.000000
1, 8.80, 200.000000
1, 8.74, 500.000000
1, 8.50, 1100.000000
1, 8.45, 300.000000
1, 8.30, 1000.000000
1, 8.29, 500.000000
1, 8.19, 100.000000
1, 8.18, 100.000000
2, 7.92, 100.000000
2, 7.75, 200.000000
2, 7.56, 300.000000
2, 7.20, 400.000000
2, 7.19, 4000.000000
2, 7.00, 800.000000
2, 4.00, 1000.000000
@, 7.92, 8.18
1, 9.30, 200.000000
1, 9.29, 500.000000
1, 9.20, 500.000000
1, 9.10, 200.000000
1, 9.00, 800.000000
1, 8.94, 300.000000
1, 8.90, 300.000000
1, 8.80, 200.000000
1, 8.74, 500.000000
1, 8.50, 1100.000000
1, 8.49, 100.000000
1, 8.45, 300.000000
1, 8.30, 1000.000000
1, 8.29, 500.000000
1, 8.19, 100.000000
1, 8.18, 100.000000
2, 7.92, 100.000000
2, 7.75, 200.000000
2, 7.56, 300.000000
2, 7.20, 400.000000
2, 7.19, 4000.000000
2, 7.00, 800.000000
2, 4.00, 1000.000000
@, 7.92, 8.18
1, 9.30, 200.000000
1, 9.29, 500.000000
1, 9.20, 500.000000
1, 9.10, 200.000000
1, 9.00, 800.000000
1, 8.94, 300.000000
1, 8.90, 300.000000
1, 8.80, 200.000000
1, 8.74, 500.000000
1, 8.50, 1100.000000
1, 8.49, 100.000000
1, 8.45, 300.000000
1, 8.30, 1000.000000
1, 8.29, 500.000000
1, 8.19, 100.000000
1, 8.18, 100.000000
2, 7.92, 100.000000
2, 7.75, 200.000000
2, 7.56, 300.000000
2, 7.20, 400.000000
2, 7.19, 4000.000000
2, 7.00, 800.000000
2, 4.00, 1000.000000
@, 7.93, 8.18
1, 9.30, 200.000000
1, 9.29, 500.000000
1, 9.20, 500.000000
1, 9.10, 200.000000
1, 9.00, 800.000000
1, 8.94, 300.000000
1, 8.90, 300.000000
1, 8.80, 200.000000
1, 8.74, 500.000000
1, 8.50, 1100.000000
1, 8.49, 100.000000
1, 8.45, 300.000000
1, 8.30, 1000.000000
1, 8.29, 500.000000
1, 8.19, 100.000000
1, 8.18, 100.000000
2, 7.93, 200.000000
2, 7.92, 100.000000
2, 7.75, 200.000000
2, 7.56, 300.000000
2, 7.20, 400.000000
2, 7.19, 4000.000000
2, 7.00, 800.000000
2, 4.00, 1000.000000
@, 7.93, 8.18
1, 9.30, 200.000000
1, 9.29, 500.000000
1, 9.20, 500.000000
1, 9.10, 200.000000
1, 9.00, 800.000000
1, 8.94, 300.000000
1, 8.90, 300.000000
1, 8.80, 200.000000
1, 8.74, 500.000000
1, 8.50, 1100.000000
1, 8.49, 100.000000
1, 8.45, 300.000000
1, 8.30, 1000.000000
1, 8.29, 500.000000
1, 8.19, 100.000000
1, 8.18, 100.000000
2, 7.93, 200.000000
2, 7.92, 100.000000
2, 7.75, 200.000000
2, 7.56, 300.000000
2, 7.20, 400.000000
2, 7.19, 4000.000000
2, 7.00, 800.000000
2, 4.00, 1000.000000
@, 7.93, 8.18
1, 9.30, 200.000000
1, 9.29, 500.000000
1, 9.20, 500.000000
1, 9.10, 200.000000
1, 9.00, 800.000000
1, 8.94, 300.000000
1, 8.90, 300.000000
1, 8.80, 200.000000
1, 8.74, 500.000000
1, 8.50, 1100.000000
1, 8.49, 100.000000
1, 8.45, 300.000000
1, 8.30, 1000.000000
1, 8.29, 500.000000
1, 8.19, 100.000000
1, 8.18, 100.000000
2, 7.93, 200.000000
2, 7.92, 100.000000
2, 7.75, 200.000000
2, 7.56, 300.000000
2, 7.20, 400.000000
2, 7.19, 4000.000000
2, 7.00, 800.000000
2, 4.00, 1000.000000
@, 7.93, 8.18
1, 9.30, 200.000000
1, 9.29, 500.000000
1, 9.20, 500.000000
1, 9.10, 200.000000
1, 9.00, 800.000000
1, 8.94, 300.000000
1, 8.90, 300.000000
1, 8.80, 200.000000
1, 8.74, 500.000000
1, 8.50, 1100.000000
1, 8.49, 100.000000
1, 8.45, 300.000000
1, 8.30, 1000.000000
1, 8.29, 500.000000
1, 8.19, 100.000000
1, 8.18, 100.000000
2, 7.93, 200.000000
2, 7.92, 100.000000
2, 7.75, 200.000000
2, 7.56, 300.000000
2, 7.20, 400.000000
2, 7.19, 4000.000000
2, 7.00, 800.000000
2, 4.00, 1000.000000
@, 7.93, 8.18
1, 9.30, 200.000000
1, 9.29, 500.000000
1, 9.20, 500.000000
1, 9.10, 200.000000
1, 9.00, 800.000000
1, 8.94, 300.000000
1, 8.90, 300.000000
1, 8.80, 200.000000
1, 8.74, 500.000000
1, 8.50, 1100.000000
1, 8.49, 100.000000
1, 8.45, 300.000000
1, 8.30, 1000.000000
1, 8.29, 500.000000
1, 8.19, 100.000000
1, 8.18, 100.000000
2, 7.93, 200.000000
2, 7.92, 100.000000
2, 7.75, 200.000000
2, 7.56, 300.000000
2, 7.20, 400.000000
2, 7.19, 4000.000000
2, 7.00, 800.000000
2, 4.00, 1000.000000
@, 7.93, 8.18
1, 9.30, 200.000000
1, 9.29, 500.000000
1, 9.20, 500.000000
1, 9.10, 200.000000
1, 9.00, 800.000000
1, 8.94, 300.000000
1, 8.90, 300.000000
1, 8.80, 200.000000
1, 8.74, 500.000000
1, 8.50, 1100.000000
1, 8.49, 100.000000
1, 8.45, 300.000000
1, 8.30, 1000.000000
1, 8.29, 500.000000
1, 8.19, 100.000000
1, 8.18, 100.000000
2, 7.93, 200.000000
2, 7.92, 100.000000
2, 7.75, 200.000000
2, 7.56, 300.000000
2, 7.20, 400.000000
2, 7.19, 4000.000000
2, 7.00, 800.000000
2, 4.00, 1000.000000
@