, 13.62, 13.67
1, 13.90, 1600.000000
1, 13.89, 100.000000
1, 13.86, 2000.000000
1, 13.85, 200.000000
1, 13.84, 100.000000
1, 13.81, 800.000000
1, 13.80, 5300.000000
1, 13.79, 200.000000
1, 13.77, 200.000000
1, 13.76, 700.000000
1, 13.75, 8400.000000
1, 13.74, 300.000000
1, 13.71, 1000.000000
1, 13.70, 500.000000
1, 13.69, 800.000000
1, 13.67, 900.000000
2, 13.62, 900.000000
2, 13.61, 200.000000
2, 13.60, 1700.000000
2, 13.59, 200.000000
2, 13.58, 800.000000
2, 13.57, 4000.000000
2, 13.56, 200.000000
2, 13.55, 100.000000
2, 13.51, 200.000000
2, 13.50, 3100.000000
2, 13.49, 100.000000
2, 13.47, 800.000000
2, 13.46, 200.000000
2, 13.44, 100.000000
2, 13.43, 100.000000
@, 13.62, 13.67
1, 13.90, 1600.000000
1, 13.89, 100.000000
1, 13.86, 2000.000000
1, 13.85, 200.000000
1, 13.84, 100.000000
1, 13.81, 800.000000
1, 13.80, 5300.000000
1, 13.79, 200.000000
1, 13.77, 200.000000
1, 13.76, 700.000000
1, 13.75, 8400.000000
1, 13.74, 300.000000
1, 13.71, 1000.000000
1, 13.70, 500.000000
1, 13.69, 800.000000
1, 13.67, 900.000000
2, 13.62, 900.000000
2, 13.61, 200.000000
2, 13.60, 1700.000000
2, 13.59, 200.000000
2, 13.58, 800.000000
2, 13.57, 4000.000000
2, 13.56, 200.000000
2, 13.55, 100.000000
2, 13.51, 200.000000
2, 13.50, 3100.000000
2, 13.49, 100.000000
2, 13.47, 800.000000
2, 13.46, 200.000000
2, 13.44, 100.000000
2, 13.43, 100.000000
@, 13.62, 13.67
1, 13.90, 1600.000000
1, 13.89, 100.000000
1, 13.86, 2000.000000
1, 13.85, 200.000000
1, 13.84, 100.000000
1, 13.81, 800.000000
1, 13.80, 5300.000000
1, 13.79, 200.000000
1, 13.77, 200.000000
1, 13.76, 700.000000
1, 13.75, 8400.000000
1, 13.74, 300.000000
1, 13.71, 1000.000000
1, 13.70, 500.000000
1, 13.69, 800.000000
1, 13.67, 900.000000
2, 13.62, 900.000000
2, 13.61, 200.000000
2, 13.60, 1700.000000
2, 13.59, 200.000000
2, 13.58, 800.000000
2, 13.57, 4000.000000
2, 13.56, 200.000000
2, 13.55, 100.000000
2, 13.51, 200.000000
2, 13.50, 3100.000000
2, 13.49, 100.000000
2, 13.47, 800.000000
2, 13.46, 200.000000
2, 13.44, 100.000000
2, 13.43, 100.000000
@, 13.62, 13.67
1, 13.90, 1600.000000
1, 13.89, 100.000000
1, 13.86, 2000.000000
1, 13.85, 200.000000
1, 13.84, 100.000000
1, 13.81, 800.000000
1, 13.80, 5300.000000
1, 13.79, 200.000000
1, 13.77, 200.000000
1, 13.76, 700.000000
1, 13.75, 8400.000000
1, 13.74, 300.000000
1, 13.71, 1000.000000
1, 13.70, 500.000000
1, 13.69, 800.000000
1, 13.67, 900.000000
2, 13.62, 900.000000
2, 13.61, 200.000000
2, 13.60, 1700.000000
2, 13.59, 200.000000
2, 13.58, 800.000000
2, 13.57, 4000.000000
2, 13.56, 200.000000
2, 13.55, 100.000000
2, 13.51, 200.000000
2, 13.50, 3100.000000
2, 13.49, 100.000000
2, 13.47, 800.000000
2, 13.46, 200.000000
2, 13.44, 100.000000
2, 13.43, 100.000000
@, 13.62, 13.67
1, 13.90, 1600.000000
1, 13.89, 100.000000
1, 13.86, 2000.000000
1, 13.85, 200.000000
1, 13.84, 100.000000
1, 13.81, 800.000000
1, 13.80, 5300.000000
1, 13.79, 200.000000
1, 13.77, 200.000000
1, 13.76, 700.000000
1, 13.75, 8400.000000
1, 13.74, 300.000000
1, 13.71, 1000.000000
1, 13.70, 500.000000
1, 13.69, 800.000000
1, 13.67, 900.000000
2, 13.62, 900.000000
2, 13.61, 200.000000
2, 13.60, 1700.000000
2, 13.59, 200.000000
2, 13.58, 800.000000
2, 13.57, 4000.000000
2, 13.56, 200.000000
2, 13.55, 100.000000
2, 13.51, 200.000000
2, 13.50, 3100.000000
2, 13.49, 100.000000
2, 13.47, 800.000000
2, 13.46, 200.000000
2, 13.44, 100.000000
2, 13.43, 100.000000
@, 13.62, 13.67
1, 13.90, 1600.000000
1, 13.89, 100.000000
1, 13.86, 2000.000000
1, 13.85, 200.000000
1, 13.84, 100.000000
1, 13.81, 800.000000
1, 13.80, 5300.000000
1, 13.79, 200.000000
1, 13.77, 200.000000
1, 13.76, 700.000000
1, 13.75, 8400.000000
1, 13.74, 300.000000
1, 13.71, 1000.000000
1, 13.70, 500.000000
1, 13.69, 800.000000
1, 13.67, 900.000000
2, 13.62, 900.000000
2, 13.61, 200.000000
2, 13.60, 1700.000000
2, 13.59, 200.000000
2, 13.58, 800.000000
2, 13.57, 4000.000000
2, 13.56, 200.000000
2, 13.55, 100.000000
2, 13.51, 200.000000
2, 13.50, 3100.000000
2, 13.49, 100.000000
2, 13.47, 800.000000
2, 13.46, 200.000000
2, 13.44, 100.000000
2, 13.43, 100.000000
@, 13.62, 13.67
1, 13.90, 1600.000000
1, 13.89, 100.000000
1, 13.86, 2000.000000
1, 13.85, 200.000000
1, 13.84, 100.000000
1, 13.81, 800.000000
1, 13.80, 5300.000000
1, 13.79, 200.000000
1, 13.77, 200.000000
1, 13.76, 700.000000
1, 13.75, 8400.000000
1, 13.74, 300.000000
1, 13.71, 1000.000000
1, 13.70, 500.000000
1, 13.69, 800.000000
1, 13.67, 900.000000
2, 13.62, 900.000000
2, 13.61, 200.000000
2, 13.60, 1700.000000
2, 13.59, 200.000000
2, 13.58, 800.000000
2, 13.57, 4000.000000
2, 13.56, 200.000000
2, 13.55, 100.000000
2, 13.51, 200.000000
2, 13.50, 3100.000000
2, 13.49, 100.000000
2, 13.47, 800.000000
2, 13.46, 200.000000
2, 13.44, 100.000000
2, 13.43, 100.000000
@, 13.62, 13.67
1, 13.90, 1600.000000
1, 13.89, 100.000000
1, 13.86, 2000.000000
1, 13.85, 200.000000
1, 13.84, 100.000000
1, 13.81, 800.000000
1, 13.80, 5300.000000
1, 13.79, 200.000000
1, 13.77, 200.000000
1, 13.76, 700.000000
1, 13.75, 8400.000000
1, 13.74, 300.000000
1, 13.71, 1000.000000
1, 13.70, 500.000000
1, 13.69, 800.000000
1, 13.67, 900.000000
2, 13.62, 900.000000
2, 13.61, 200.000000
2, 13.60, 1700.000000
2, 13.59, 200.000000
2, 13.58, 800.000000
2, 13.57, 4000.000000
2, 13.56, 200.000000
2, 13.55, 100.000000
2, 13.51, 200.000000
2, 13.50, 3100.000000
2, 13.49, 100.000000
2, 13.47, 800.000000
2, 13.46, 200.000000
2, 13.44, 100.000000
2, 13.43, 100.000000
@, 13.62, 13.67
1, 13.90, 1600.000000
1, 13.89, 100.000000
1, 13.86, 2000.000000
1, 13.85, 200.000000
1, 13.84, 100.000000
1, 13.81, 800.000000
1, 13.80, 5300.000000
1, 13.79, 200.000000
1, 13.77, 200.000000
1, 13.76, 700.000000
1, 13.75, 8400.000000
1, 13.74, 300.000000
1, 13.71, 1000.000000
1, 13.70, 500.000000
1, 13.69, 800.000000
1, 13.67, 900.000000
2, 13.62, 900.000000
2, 13.61, 200.000000
2, 13.60, 1700.000000
2, 13.59, 200.000000
2, 13.58, 800.000000
2, 13.57, 4000.000000
2, 13.56, 200.000000
2, 13.55, 100.000000
2, 13.51, 200.000000
2, 13.50, 3100.000000
2, 13.49, 100.000000
2, 13.47, 800.000000
2, 13.46, 200.000000
2, 13.44, 100.000000
2, 13.43, 100.000000
@, 13.62, 13.67
1, 13.90, 1600.000000
1, 13.89, 100.000000
1, 13.86, 2000.000000
1, 13.85, 200.000000
1, 13.84, 100.000000
1, 13.81, 800.000000
1, 13.80, 5300.000000
1, 13.79, 200.000000
1, 13.77, 200.000000
1, 13.76, 700.000000
1, 13.75, 8400.000000
1, 13.74, 300.000000
1, 13.71, 1000.000000
1, 13.70, 500.000000
1, 13.69, 800.000000
1, 13.67, 900.000000
2, 13.62, 900.000000
2, 13.61, 200.000000
2, 13.60, 1700.000000
2, 13.59, 200.000000
2, 13.58, 800.000000
2, 13.57, 4000.000000
2, 13.56, 200.000000
2, 13.55, 100.000000
2, 13.51, 200.000000
2, 13.50, 3100.000000
2, 13.49, 100.000000
2, 13.47, 800.000000
2, 13.46, 200.000000
2, 13.44, 100.000000
2, 13.43, 100.000000
@