, 13.38, 13.39
1, 13.54, 53800.000000
1, 13.53, 45500.000000
1, 13.52, 54000.000000
1, 13.51, 43000.000000
1, 13.50, 172100.000000
1, 13.49, 141200.000000
1, 13.48, 67200.000000
1, 13.47, 69700.000000
1, 13.46, 56500.000000
1, 13.45, 114900.000000
1, 13.44, 37800.000000
1, 13.43, 58300.000000
1, 13.42, 61800.000000
1, 13.41, 53000.000000
1, 13.40, 44200.000000
1, 13.39, 600.000000
2, 13.38, 41400.000000
2, 13.37, 38600.000000
2, 13.36, 42700.000000
2, 13.35, 143400.000000
2, 13.34, 42600.000000
2, 13.33, 37000.000000
2, 13.32, 41000.000000
2, 13.31, 36100.000000
2, 13.30, 392200.000000
2, 13.29, 43300.000000
2, 13.28, 62000.000000
2, 13.27, 45300.000000
2, 13.26, 37300.000000
2, 13.25, 52900.000000
2, 13.24, 43100.000000
@, 13.38, 13.39
1, 13.54, 53800.000000
1, 13.53, 45500.000000
1, 13.52, 54000.000000
1, 13.51, 43000.000000
1, 13.50, 172100.000000
1, 13.49, 141200.000000
1, 13.48, 67200.000000
1, 13.47, 69700.000000
1, 13.46, 56500.000000
1, 13.45, 114900.000000
1, 13.44, 37800.000000
1, 13.43, 58300.000000
1, 13.42, 61800.000000
1, 13.41, 53000.000000
1, 13.40, 44200.000000
1, 13.39, 1000.000000
2, 13.38, 41500.000000
2, 13.37, 38600.000000
2, 13.36, 42700.000000
2, 13.35, 143400.000000
2, 13.34, 42600.000000
2, 13.33, 37000.000000
2, 13.32, 41000.000000
2, 13.31, 36100.000000
2, 13.30, 392200.000000
2, 13.29, 43300.000000
2, 13.28, 62000.000000
2, 13.27, 45300.000000
2, 13.26, 37300.000000
2, 13.25, 52900.000000
2, 13.24, 43100.000000
@, 13.38, 13.39
1, 13.54, 53800.000000
1, 13.53, 45500.000000
1, 13.52, 54000.000000
1, 13.51, 43000.000000
1, 13.50, 172100.000000
1, 13.49, 141200.000000
1, 13.48, 67200.000000
1, 13.47, 69700.000000
1, 13.46, 56500.000000
1, 13.45, 114900.000000
1, 13.44, 37800.000000
1, 13.43, 58300.000000
1, 13.42, 62800.000000
1, 13.41, 53000.000000
1, 13.40, 43200.000000
1, 13.39, 1000.000000
2, 13.38, 41400.000000
2, 13.37, 38600.000000
2, 13.36, 42700.000000
2, 13.35, 143400.000000
2, 13.34, 42600.000000
2, 13.33, 37000.000000
2, 13.32, 41000.000000
2, 13.31, 36100.000000
2, 13.30, 392200.000000
2, 13.29, 43300.000000
2, 13.28, 62000.000000
2, 13.27, 45300.000000
2, 13.26, 37300.000000
2, 13.25, 52900.000000
2, 13.24, 43100.000000
@, 13.38, 13.39
1, 13.54, 53800.000000
1, 13.53, 45500.000000
1, 13.52, 54000.000000
1, 13.51, 43000.000000
1, 13.50, 172100.000000
1, 13.49, 141200.000000
1, 13.48, 67200.000000
1, 13.47, 69700.000000
1, 13.46, 56500.000000
1, 13.45, 114900.000000
1, 13.44, 37800.000000
1, 13.43, 58300.000000
1, 13.42, 62800.000000
1, 13.41, 53000.000000
1, 13.40, 43200.000000
1, 13.39, 1000.000000
2, 13.38, 41400.000000
2, 13.37, 38600.000000
2, 13.36, 42700.000000
2, 13.35, 143400.000000
2, 13.34, 42600.000000
2, 13.33, 37000.000000
2, 13.32, 41000.000000
2, 13.31, 36100.000000
2, 13.30, 392200.000000
2, 13.29, 43300.000000
2, 13.28, 62000.000000
2, 13.27, 45300.000000
2, 13.26, 37300.000000
2, 13.25, 52900.000000
2, 13.24, 43100.000000
@, 13.38, 13.39
1, 13.54, 53800.000000
1, 13.53, 45500.000000
1, 13.52, 54000.000000
1, 13.51, 43000.000000
1, 13.50, 172100.000000
1, 13.49, 141200.000000
1, 13.48, 67200.000000
1, 13.47, 69700.000000
1, 13.46, 56500.000000
1, 13.45, 114900.000000
1, 13.44, 37800.000000
1, 13.43, 58300.000000
1, 13.42, 62800.000000
1, 13.41, 53000.000000
1, 13.40, 43200.000000
1, 13.39, 1000.000000
2, 13.38, 41200.000000
2, 13.37, 38600.000000
2, 13.36, 42700.000000
2, 13.35, 143400.000000
2, 13.34, 42600.000000
2, 13.33, 37000.000000
2, 13.32, 41000.000000
2, 13.31, 36100.000000
2, 13.30, 392200.000000
2, 13.29, 43300.000000
2, 13.28, 62000.000000
2, 13.27, 45300.000000
2, 13.26, 37300.000000
2, 13.25, 52900.000000
2, 13.24, 43100.000000
@, 13.38, 13.39
1, 13.54, 53800.000000
1, 13.53, 45500.000000
1, 13.52, 54000.000000
1, 13.51, 43000.000000
1, 13.50, 172100.000000
1, 13.49, 141200.000000
1, 13.48, 67200.000000
1, 13.47, 69700.000000
1, 13.46, 56500.000000
1, 13.45, 114900.000000
1, 13.44, 37800.000000
1, 13.43, 58300.000000
1, 13.42, 62800.000000
1, 13.41, 53000.000000
1, 13.40, 43200.000000
1, 13.39, 1000.000000
2, 13.38, 41200.000000
2, 13.37, 38600.000000
2, 13.36, 42700.000000
2, 13.35, 143400.000000
2, 13.34, 42600.000000
2, 13.33, 37000.000000
2, 13.32, 41000.000000
2, 13.31, 36100.000000
2, 13.30, 392200.000000
2, 13.29, 43300.000000
2, 13.28, 62000.000000
2, 13.27, 45300.000000
2, 13.26, 37300.000000
2, 13.25, 52900.000000
2, 13.24, 43100.000000
@, 13.38, 13.39
1, 13.54, 53800.000000
1, 13.53, 45500.000000
1, 13.52, 54000.000000
1, 13.51, 43000.000000
1, 13.50, 172100.000000
1, 13.49, 141200.000000
1, 13.48, 67200.000000
1, 13.47, 69700.000000
1, 13.46, 56500.000000
1, 13.45, 114900.000000
1, 13.44, 37800.000000
1, 13.43, 58300.000000
1, 13.42, 62800.000000
1, 13.41, 53000.000000
1, 13.40, 43300.000000
1, 13.39, 1100.000000
2, 13.38, 41200.000000
2, 13.37, 38600.000000
2, 13.36, 42700.000000
2, 13.35, 143400.000000
2, 13.34, 42600.000000
2, 13.33, 37000.000000
2, 13.32, 41000.000000
2, 13.31, 36100.000000
2, 13.30, 392200.000000
2, 13.29, 43300.000000
2, 13.28, 62000.000000
2, 13.27, 45300.000000
2, 13.26, 37300.000000
2, 13.25, 52900.000000
2, 13.24, 43100.000000
@, 13.38, 13.39
1, 13.54, 53800.000000
1, 13.53, 45500.000000
1, 13.52, 54000.000000
1, 13.51, 43000.000000
1, 13.50, 172100.000000
1, 13.49, 141200.000000
1, 13.48, 67200.000000
1, 13.47, 69700.000000
1, 13.46, 56500.000000
1, 13.45, 114900.000000
1, 13.44, 37800.000000
1, 13.43, 58300.000000
1, 13.42, 62800.000000
1, 13.41, 53000.000000
1, 13.40, 45400.000000
1, 13.39, 1100.000000
2, 13.38, 41000.000000
2, 13.37, 38600.000000
2, 13.36, 42700.000000
2, 13.35, 143400.000000
2, 13.34, 42600.000000
2, 13.33, 37000.000000
2, 13.32, 41000.000000
2, 13.31, 36100.000000
2, 13.30, 392200.000000
2, 13.29, 43300.000000
2, 13.28, 62000.000000
2, 13.27, 45300.000000
2, 13.26, 37300.000000
2, 13.25, 52900.000000
2, 13.24, 43100.000000
@, 13.38, 13.39
1, 13.54, 53800.000000
1, 13.53, 45500.000000
1, 13.52, 54000.000000
1, 13.51, 43000.000000
1, 13.50, 172100.000000
1, 13.49, 141200.000000
1, 13.48, 67200.000000
1, 13.47, 69700.000000
1, 13.46, 56500.000000
1, 13.45, 114900.000000
1, 13.44, 37800.000000
1, 13.43, 58300.000000
1, 13.42, 62800.000000
1, 13.41, 53000.000000
1, 13.40, 45400.000000
1, 13.39, 1000.000000
2, 13.38, 40900.000000
2, 13.37, 38600.000000
2, 13.36, 42700.000000
2, 13.35, 143400.000000
2, 13.34, 42600.000000
2, 13.33, 37000.000000
2, 13.32, 41000.000000
2, 13.31, 36100.000000
2, 13.30, 392200.000000
2, 13.29, 43300.000000
2, 13.28, 62000.000000
2, 13.27, 45300.000000
2, 13.26, 37300.000000
2, 13.25, 52900.000000
2, 13.24, 43100.000000
@, 13.38, 13.39
1, 13.54, 53800.000000
1, 13.53, 45500.000000
1, 13.52, 54000.000000
1, 13.51, 43000.000000
1, 13.50, 172100.000000
1, 13.49, 141200.000000
1, 13.48, 67200.000000
1, 13.47, 69700.000000
1, 13.46, 56500.000000
1, 13.45, 114900.000000
1, 13.44, 37800.000000
1, 13.43, 58300.000000
1, 13.42, 62800.000000
1, 13.41, 54500.000000
1, 13.40, 44000.000000
1, 13.39, 1500.000000
2, 13.38, 41000.000000
2, 13.37, 38600.000000
2, 13.36, 42700.000000
2, 13.35, 143400.000000
2, 13.34, 42600.000000
2, 13.33, 37000.000000
2, 13.32, 41000.000000
2, 13.31, 36100.000000
2, 13.30, 392200.000000
2, 13.29, 43300.000000
2, 13.28, 62000.000000
2, 13.27, 45300.000000
2, 13.26, 37300.000000
2, 13.25, 52900.000000
2, 13.24, 43100.000000
@