, 30.78, 30.79
1, 30.96, 800.000000
1, 30.95, 1000.000000
1, 30.94, 400.000000
1, 30.93, 2200.000000
1, 30.92, 500.000000
1, 30.91, 2200.000000
1, 30.90, 1400.000000
1, 30.89, 600.000000
1, 30.88, 800.000000
1, 30.87, 2100.000000
1, 30.86, 500.000000
1, 30.85, 200.000000
1, 30.84, 800.000000
1, 30.83, 500.000000
1, 30.82, 1100.000000
1, 30.79, 300.000000
2, 30.78, 300.000000
2, 30.77, 1100.000000
2, 30.76, 400.000000
2, 30.75, 300.000000
2, 30.74, 600.000000
2, 30.73, 400.000000
2, 30.72, 1100.000000
2, 30.71, 1600.000000
2, 30.70, 500.000000
2, 30.69, 1400.000000
2, 30.68, 300.000000
2, 30.67, 500.000000
2, 30.66, 1000.000000
2, 30.65, 2500.000000
2, 30.64, 300.000000
@, 30.78, 30.79
1, 30.96, 800.000000
1, 30.95, 1000.000000
1, 30.94, 400.000000
1, 30.93, 2200.000000
1, 30.92, 500.000000
1, 30.91, 2200.000000
1, 30.90, 1400.000000
1, 30.89, 600.000000
1, 30.88, 800.000000
1, 30.87, 2100.000000
1, 30.86, 500.000000
1, 30.85, 200.000000
1, 30.84, 800.000000
1, 30.83, 500.000000
1, 30.82, 1100.000000
1, 30.79, 100.000000
2, 30.78, 300.000000
2, 30.77, 1100.000000
2, 30.76, 400.000000
2, 30.75, 300.000000
2, 30.74, 600.000000
2, 30.73, 400.000000
2, 30.72, 1100.000000
2, 30.71, 1600.000000
2, 30.70, 500.000000
2, 30.69, 1400.000000
2, 30.68, 300.000000
2, 30.67, 500.000000
2, 30.66, 1000.000000
2, 30.65, 2500.000000
2, 30.64, 300.000000
@, 30.78, 30.79
1, 30.94, 400.000000
1, 30.93, 2200.000000
1, 30.92, 500.000000
1, 30.91, 2200.000000
1, 30.90, 1400.000000
1, 30.89, 1600.000000
1, 30.88, 800.000000
1, 30.87, 1100.000000
1, 30.86, 500.000000
1, 30.85, 200.000000
1, 30.84, 800.000000
1, 30.83, 500.000000
1, 30.82, 1100.000000
1, 30.81, 200.000000
1, 30.80, 500.000000
1, 30.79, 1200.000000
2, 30.78, 300.000000
2, 30.77, 1100.000000
2, 30.76, 300.000000
2, 30.75, 300.000000
2, 30.74, 600.000000
2, 30.73, 400.000000
2, 30.72, 1100.000000
2, 30.71, 1600.000000
2, 30.70, 500.000000
2, 30.69, 1400.000000
2, 30.68, 300.000000
2, 30.67, 500.000000
2, 30.66, 1000.000000
2, 30.65, 2500.000000
2, 30.64, 300.000000
@, 30.78, 30.79
1, 30.94, 400.000000
1, 30.93, 2200.000000
1, 30.92, 500.000000
1, 30.91, 2200.000000
1, 30.90, 1400.000000
1, 30.89, 600.000000
1, 30.88, 800.000000
1, 30.87, 1100.000000
1, 30.86, 1500.000000
1, 30.85, 200.000000
1, 30.84, 800.000000
1, 30.83, 500.000000
1, 30.82, 1100.000000
1, 30.81, 700.000000
1, 30.80, 600.000000
1, 30.79, 1100.000000
2, 30.78, 200.000000
2, 30.77, 1100.000000
2, 30.76, 300.000000
2, 30.75, 300.000000
2, 30.74, 600.000000
2, 30.73, 400.000000
2, 30.72, 1100.000000
2, 30.71, 1600.000000
2, 30.70, 500.000000
2, 30.69, 1400.000000
2, 30.68, 300.000000
2, 30.67, 500.000000
2, 30.66, 1000.000000
2, 30.65, 2500.000000
2, 30.64, 300.000000
@, 30.78, 30.79
1, 30.94, 400.000000
1, 30.93, 2200.000000
1, 30.92, 500.000000
1, 30.91, 2200.000000
1, 30.90, 1400.000000
1, 30.89, 600.000000
1, 30.88, 800.000000
1, 30.87, 1100.000000
1, 30.86, 1500.000000
1, 30.85, 200.000000
1, 30.84, 800.000000
1, 30.83, 500.000000
1, 30.82, 1100.000000
1, 30.81, 700.000000
1, 30.80, 600.000000
1, 30.79, 1100.000000
2, 30.78, 200.000000
2, 30.77, 1100.000000
2, 30.76, 300.000000
2, 30.75, 300.000000
2, 30.74, 600.000000
2, 30.73, 400.000000
2, 30.72, 1100.000000
2, 30.71, 1600.000000
2, 30.70, 500.000000
2, 30.69, 1400.000000
2, 30.68, 300.000000
2, 30.67, 500.000000
2, 30.66, 1000.000000
2, 30.65, 2500.000000
2, 30.64, 300.000000
@, 30.78, 30.79
1, 30.94, 400.000000
1, 30.93, 2200.000000
1, 30.92, 500.000000
1, 30.91, 2200.000000
1, 30.90, 1400.000000
1, 30.89, 600.000000
1, 30.88, 800.000000
1, 30.87, 1100.000000
1, 30.86, 1500.000000
1, 30.85, 200.000000
1, 30.84, 800.000000
1, 30.83, 500.000000
1, 30.82, 1100.000000
1, 30.81, 800.000000
1, 30.80, 600.000000
1, 30.79, 400.000000
2, 30.78, 400.000000
2, 30.77, 1100.000000
2, 30.76, 300.000000
2, 30.75, 300.000000
2, 30.74, 600.000000
2, 30.73, 400.000000
2, 30.72, 1100.000000
2, 30.71, 1600.000000
2, 30.70, 500.000000
2, 30.69, 1400.000000
2, 30.68, 300.000000
2, 30.67, 500.000000
2, 30.66, 1000.000000
2, 30.65, 2500.000000
2, 30.64, 300.000000
@, 30.78, 30.79
1, 30.94, 400.000000
1, 30.93, 2200.000000
1, 30.92, 500.000000
1, 30.91, 2200.000000
1, 30.90, 1400.000000
1, 30.89, 600.000000
1, 30.88, 800.000000
1, 30.87, 1100.000000
1, 30.86, 1500.000000
1, 30.85, 200.000000
1, 30.84, 800.000000
1, 30.83, 500.000000
1, 30.82, 1100.000000
1, 30.81, 800.000000
1, 30.80, 600.000000
1, 30.79, 400.000000
2, 30.78, 500.000000
2, 30.77, 1100.000000
2, 30.76, 300.000000
2, 30.75, 300.000000
2, 30.74, 600.000000
2, 30.73, 400.000000
2, 30.72, 1100.000000
2, 30.71, 1600.000000
2, 30.70, 500.000000
2, 30.69, 1400.000000
2, 30.68, 300.000000
2, 30.67, 500.000000
2, 30.66, 1000.000000
2, 30.65, 2500.000000
2, 30.64, 300.000000
@, 30.78, 30.79
1, 30.94, 400.000000
1, 30.93, 2200.000000
1, 30.92, 500.000000
1, 30.91, 2200.000000
1, 30.90, 1400.000000
1, 30.89, 600.000000
1, 30.88, 800.000000
1, 30.87, 1100.000000
1, 30.86, 1500.000000
1, 30.85, 200.000000
1, 30.84, 800.000000
1, 30.83, 500.000000
1, 30.82, 1100.000000
1, 30.81, 800.000000
1, 30.80, 600.000000
1, 30.79, 400.000000
2, 30.78, 500.000000
2, 30.77, 1100.000000
2, 30.76, 300.000000
2, 30.75, 300.000000
2, 30.74, 600.000000
2, 30.73, 400.000000
2, 30.72, 1100.000000
2, 30.71, 1600.000000
2, 30.70, 500.000000
2, 30.69, 1400.000000
2, 30.68, 300.000000
2, 30.67, 500.000000
2, 30.66, 1000.000000
2, 30.65, 2500.000000
2, 30.64, 300.000000
@, 30.78, 30.79
1, 30.94, 400.000000
1, 30.93, 2200.000000
1, 30.92, 500.000000
1, 30.91, 2200.000000
1, 30.90, 1400.000000
1, 30.89, 600.000000
1, 30.88, 800.000000
1, 30.87, 1100.000000
1, 30.86, 1500.000000
1, 30.85, 200.000000
1, 30.84, 800.000000
1, 30.83, 500.000000
1, 30.82, 1100.000000
1, 30.81, 800.000000
1, 30.80, 600.000000
1, 30.79, 300.000000
2, 30.78, 600.000000
2, 30.77, 1100.000000
2, 30.76, 300.000000
2, 30.75, 300.000000
2, 30.74, 600.000000
2, 30.73, 400.000000
2, 30.72, 1100.000000
2, 30.71, 1600.000000
2, 30.70, 500.000000
2, 30.69, 1400.000000
2, 30.68, 300.000000
2, 30.67, 500.000000
2, 30.66, 1000.000000
2, 30.65, 2500.000000
2, 30.64, 300.000000
@, 30.78, 30.79
1, 30.94, 400.000000
1, 30.93, 2200.000000
1, 30.92, 500.000000
1, 30.91, 2200.000000
1, 30.90, 1400.000000
1, 30.89, 600.000000
1, 30.88, 800.000000
1, 30.87, 1100.000000
1, 30.86, 1500.000000
1, 30.85, 300.000000
1, 30.84, 700.000000
1, 30.83, 500.000000
1, 30.82, 1100.000000
1, 30.81, 800.000000
1, 30.80, 600.000000
1, 30.79, 200.000000
2, 30.78, 600.000000
2, 30.77, 1100.000000
2, 30.76, 300.000000
2, 30.75, 300.000000
2, 30.74, 600.000000
2, 30.73, 400.000000
2, 30.72, 1100.000000
2, 30.71, 1600.000000
2, 30.70, 500.000000
2, 30.69, 1400.000000
2, 30.68, 300.000000
2, 30.67, 500.000000
2, 30.66, 1000.000000
2, 30.65, 2500.000000
2, 30.64, 300.000000
@