, 34.20, 34.21
1, 34.36, 8900.000000
1, 34.35, 28400.000000
1, 34.34, 10400.000000
1, 34.33, 8400.000000
1, 34.32, 8600.000000
1, 34.31, 9300.000000
1, 34.30, 8600.000000
1, 34.29, 7900.000000
1, 34.28, 28700.000000
1, 34.27, 9800.000000
1, 34.26, 18000.000000
1, 34.25, 11800.000000
1, 34.24, 11300.000000
1, 34.23, 8400.000000
1, 34.22, 15500.000000
1, 34.21, 900.000000
2, 34.20, 1500.000000
2, 34.19, 7800.000000
2, 34.18, 8900.000000
2, 34.17, 5600.000000
2, 34.16, 15000.000000
2, 34.15, 53800.000000
2, 34.14, 17200.000000
2, 34.13, 5600.000000
2, 34.12, 7400.000000
2, 34.11, 28100.000000
2, 34.10, 27500.000000
2, 34.09, 5800.000000
2, 34.08, 6800.000000
2, 34.07, 5700.000000
2, 34.06, 9100.000000
@, 34.20, 34.21
1, 34.36, 8900.000000
1, 34.35, 28400.000000
1, 34.34, 10400.000000
1, 34.33, 8400.000000
1, 34.32, 8600.000000
1, 34.31, 9300.000000
1, 34.30, 8600.000000
1, 34.29, 7900.000000
1, 34.28, 28700.000000
1, 34.27, 9700.000000
1, 34.26, 18000.000000
1, 34.25, 11800.000000
1, 34.24, 11300.000000
1, 34.23, 7700.000000
1, 34.22, 15500.000000
1, 34.21, 900.000000
2, 34.20, 1800.000000
2, 34.19, 9000.000000
2, 34.18, 8900.000000
2, 34.17, 7400.000000
2, 34.16, 15000.000000
2, 34.15, 53800.000000
2, 34.14, 17200.000000
2, 34.13, 5600.000000
2, 34.12, 7400.000000
2, 34.11, 28100.000000
2, 34.10, 27500.000000
2, 34.09, 5800.000000
2, 34.08, 6800.000000
2, 34.07, 5700.000000
2, 34.06, 9100.000000
@, 34.20, 34.21
1, 34.36, 8900.000000
1, 34.35, 28400.000000
1, 34.34, 10400.000000
1, 34.33, 8400.000000
1, 34.32, 8600.000000
1, 34.31, 9300.000000
1, 34.30, 8700.000000
1, 34.29, 7900.000000
1, 34.28, 28700.000000
1, 34.27, 9700.000000
1, 34.26, 18000.000000
1, 34.25, 11800.000000
1, 34.24, 11300.000000
1, 34.23, 9800.000000
1, 34.22, 15500.000000
1, 34.21, 1100.000000
2, 34.20, 2000.000000
2, 34.19, 9000.000000
2, 34.18, 8900.000000
2, 34.17, 7400.000000
2, 34.16, 15000.000000
2, 34.15, 53800.000000
2, 34.14, 17200.000000
2, 34.13, 5600.000000
2, 34.12, 7400.000000
2, 34.11, 28100.000000
2, 34.10, 27500.000000
2, 34.09, 5800.000000
2, 34.08, 6800.000000
2, 34.07, 5700.000000
2, 34.06, 9100.000000
@, 34.20, 34.21
1, 34.36, 8900.000000
1, 34.35, 28400.000000
1, 34.34, 10400.000000
1, 34.33, 8400.000000
1, 34.32, 8600.000000
1, 34.31, 9300.000000
1, 34.30, 8600.000000
1, 34.29, 7900.000000
1, 34.28, 28700.000000
1, 34.27, 9800.000000
1, 34.26, 18000.000000
1, 34.25, 11800.000000
1, 34.24, 11300.000000
1, 34.23, 9800.000000
1, 34.22, 15500.000000
1, 34.21, 1000.000000
2, 34.20, 2000.000000
2, 34.19, 9000.000000
2, 34.18, 8900.000000
2, 34.17, 7400.000000
2, 34.16, 15000.000000
2, 34.15, 53800.000000
2, 34.14, 17200.000000
2, 34.13, 5600.000000
2, 34.12, 7400.000000
2, 34.11, 28100.000000
2, 34.10, 27500.000000
2, 34.09, 5800.000000
2, 34.08, 6800.000000
2, 34.07, 5700.000000
2, 34.06, 9100.000000
@, 34.20, 34.21
1, 34.36, 8900.000000
1, 34.35, 28400.000000
1, 34.34, 10400.000000
1, 34.33, 8400.000000
1, 34.32, 8600.000000
1, 34.31, 9300.000000
1, 34.30, 8600.000000
1, 34.29, 7900.000000
1, 34.28, 28700.000000
1, 34.27, 7900.000000
1, 34.26, 18000.000000
1, 34.25, 13600.000000
1, 34.24, 11300.000000
1, 34.23, 9800.000000
1, 34.22, 15500.000000
1, 34.21, 1000.000000
2, 34.20, 2000.000000
2, 34.19, 9000.000000
2, 34.18, 8900.000000
2, 34.17, 7400.000000
2, 34.16, 15000.000000
2, 34.15, 53800.000000
2, 34.14, 17200.000000
2, 34.13, 5600.000000
2, 34.12, 7400.000000
2, 34.11, 28100.000000
2, 34.10, 27500.000000
2, 34.09, 5800.000000
2, 34.08, 6800.000000
2, 34.07, 5700.000000
2, 34.06, 9100.000000
@, 34.20, 34.21
1, 34.36, 8900.000000
1, 34.35, 28400.000000
1, 34.34, 10400.000000
1, 34.33, 8400.000000
1, 34.32, 8700.000000
1, 34.31, 9300.000000
1, 34.30, 8600.000000
1, 34.29, 7900.000000
1, 34.28, 28700.000000
1, 34.27, 7900.000000
1, 34.26, 18000.000000
1, 34.25, 13600.000000
1, 34.24, 11300.000000
1, 34.23, 6500.000000
1, 34.22, 13800.000000
1, 34.21, 400.000000
2, 34.20, 2100.000000
2, 34.19, 9000.000000
2, 34.18, 8900.000000
2, 34.17, 7400.000000
2, 34.16, 15000.000000
2, 34.15, 53800.000000
2, 34.14, 17200.000000
2, 34.13, 5600.000000
2, 34.12, 7400.000000
2, 34.11, 28100.000000
2, 34.10, 27500.000000
2, 34.09, 5800.000000
2, 34.08, 6800.000000
2, 34.07, 5700.000000
2, 34.06, 9100.000000
@, 34.20, 34.21
1, 34.36, 8900.000000
1, 34.35, 28400.000000
1, 34.34, 10400.000000
1, 34.33, 8400.000000
1, 34.32, 8700.000000
1, 34.31, 9300.000000
1, 34.30, 8600.000000
1, 34.29, 7900.000000
1, 34.28, 28700.000000
1, 34.27, 7900.000000
1, 34.26, 18000.000000
1, 34.25, 13600.000000
1, 34.24, 11300.000000
1, 34.23, 6500.000000
1, 34.22, 13800.000000
1, 34.21, 400.000000
2, 34.20, 2300.000000
2, 34.19, 9000.000000
2, 34.18, 10300.000000
2, 34.17, 7400.000000
2, 34.16, 15000.000000
2, 34.15, 53800.000000
2, 34.14, 17200.000000
2, 34.13, 5600.000000
2, 34.12, 7400.000000
2, 34.11, 28100.000000
2, 34.10, 27500.000000
2, 34.09, 5800.000000
2, 34.08, 6800.000000
2, 34.07, 5700.000000
2, 34.06, 9100.000000
@, 34.20, 34.21
1, 34.36, 8900.000000
1, 34.35, 28400.000000
1, 34.34, 10400.000000
1, 34.33, 8400.000000
1, 34.32, 8700.000000
1, 34.31, 9300.000000
1, 34.30, 8600.000000
1, 34.29, 7900.000000
1, 34.28, 28700.000000
1, 34.27, 7900.000000
1, 34.26, 18000.000000
1, 34.25, 11800.000000
1, 34.24, 9200.000000
1, 34.23, 6500.000000
1, 34.22, 11100.000000
1, 34.21, 400.000000
2, 34.20, 3800.000000
2, 34.19, 9000.000000
2, 34.18, 10300.000000
2, 34.17, 7400.000000
2, 34.16, 15000.000000
2, 34.15, 53800.000000
2, 34.14, 17200.000000
2, 34.13, 5600.000000
2, 34.12, 7400.000000
2, 34.11, 28100.000000
2, 34.10, 27500.000000
2, 34.09, 5800.000000
2, 34.08, 6800.000000
2, 34.07, 5700.000000
2, 34.06, 9100.000000
@, 34.20, 34.21
1, 34.36, 8900.000000
1, 34.35, 28400.000000
1, 34.34, 10400.000000
1, 34.33, 8400.000000
1, 34.32, 8700.000000
1, 34.31, 9300.000000
1, 34.30, 8600.000000
1, 34.29, 7900.000000
1, 34.28, 28700.000000
1, 34.27, 7900.000000
1, 34.26, 18000.000000
1, 34.25, 11800.000000
1, 34.24, 9400.000000
1, 34.23, 6600.000000
1, 34.22, 13500.000000
1, 34.21, 300.000000
2, 34.20, 3900.000000
2, 34.19, 9000.000000
2, 34.18, 10300.000000
2, 34.17, 7400.000000
2, 34.16, 15000.000000
2, 34.15, 53800.000000
2, 34.14, 17200.000000
2, 34.13, 5600.000000
2, 34.12, 7400.000000
2, 34.11, 28100.000000
2, 34.10, 27500.000000
2, 34.09, 5800.000000
2, 34.08, 6800.000000
2, 34.07, 5700.000000
2, 34.06, 9100.000000
@, 34.20, 34.21
1, 34.36, 8900.000000
1, 34.35, 28400.000000
1, 34.34, 10400.000000
1, 34.33, 8400.000000
1, 34.32, 8700.000000
1, 34.31, 9300.000000
1, 34.30, 8600.000000
1, 34.29, 7900.000000
1, 34.28, 28800.000000
1, 34.27, 7800.000000
1, 34.26, 18000.000000
1, 34.25, 11800.000000
1, 34.24, 9200.000000
1, 34.23, 6600.000000
1, 34.22, 13700.000000
1, 34.21, 200.000000
2, 34.20, 4000.000000
2, 34.19, 9000.000000
2, 34.18, 10300.000000
2, 34.17, 7400.000000
2, 34.16, 15000.000000
2, 34.15, 53800.000000
2, 34.14, 17200.000000
2, 34.13, 5600.000000
2, 34.12, 7400.000000
2, 34.11, 28100.000000
2, 34.10, 27500.000000
2, 34.09, 5800.000000
2, 34.08, 6800.000000
2, 34.07, 5700.000000
2, 34.06, 9100.000000
@