, 29.84, 29.87
1, 32.99, 100.000000
1, 30.94, 2000.000000
1, 30.36, 100.000000
1, 30.35, 100.000000
1, 30.31, 100.000000
1, 30.27, 1500.000000
1, 30.25, 500.000000
1, 30.22, 2000.000000
1, 30.21, 500.000000
1, 30.00, 3200.000000
1, 29.99, 500.000000
1, 29.98, 10000.000000
1, 29.90, 2200.000000
1, 29.89, 100.000000
1, 29.88, 300.000000
1, 29.87, 100.000000
2, 29.84, 300.000000
2, 29.83, 300.000000
2, 29.82, 1100.000000
2, 29.81, 100.000000
2, 29.80, 4200.000000
2, 29.79, 2000.000000
2, 29.78, 1500.000000
2, 29.75, 5000.000000
2, 29.72, 200.000000
2, 29.70, 5000.000000
2, 29.66, 100.000000
2, 29.65, 3000.000000
2, 29.54, 100.000000
2, 29.51, 200.000000
2, 29.50, 1500.000000
@, 29.84, 29.87
1, 32.99, 100.000000
1, 30.94, 2000.000000
1, 30.36, 100.000000
1, 30.35, 100.000000
1, 30.31, 100.000000
1, 30.27, 1500.000000
1, 30.25, 500.000000
1, 30.22, 2000.000000
1, 30.21, 500.000000
1, 30.00, 3200.000000
1, 29.99, 500.000000
1, 29.98, 10000.000000
1, 29.90, 2200.000000
1, 29.89, 100.000000
1, 29.88, 300.000000
1, 29.87, 100.000000
2, 29.84, 300.000000
2, 29.83, 300.000000
2, 29.82, 1100.000000
2, 29.81, 100.000000
2, 29.80, 4200.000000
2, 29.79, 2000.000000
2, 29.78, 1500.000000
2, 29.75, 5000.000000
2, 29.72, 200.000000
2, 29.70, 5000.000000
2, 29.66, 100.000000
2, 29.65, 3000.000000
2, 29.54, 100.000000
2, 29.51, 200.000000
2, 29.50, 1500.000000
@, 29.84, 29.87
1, 32.99, 100.000000
1, 30.94, 2000.000000
1, 30.36, 100.000000
1, 30.35, 100.000000
1, 30.31, 100.000000
1, 30.27, 1500.000000
1, 30.25, 500.000000
1, 30.22, 2000.000000
1, 30.21, 500.000000
1, 30.00, 3200.000000
1, 29.99, 500.000000
1, 29.98, 10000.000000
1, 29.90, 2200.000000
1, 29.89, 100.000000
1, 29.88, 300.000000
1, 29.87, 100.000000
2, 29.84, 300.000000
2, 29.83, 300.000000
2, 29.82, 1100.000000
2, 29.81, 100.000000
2, 29.80, 4200.000000
2, 29.79, 2000.000000
2, 29.78, 1500.000000
2, 29.75, 5000.000000
2, 29.72, 200.000000
2, 29.70, 5000.000000
2, 29.66, 100.000000
2, 29.65, 3000.000000
2, 29.54, 100.000000
2, 29.51, 200.000000
2, 29.50, 1500.000000
@, 29.84, 29.87
1, 32.99, 100.000000
1, 30.94, 2000.000000
1, 30.36, 100.000000
1, 30.35, 100.000000
1, 30.31, 100.000000
1, 30.27, 1500.000000
1, 30.25, 500.000000
1, 30.22, 2000.000000
1, 30.21, 500.000000
1, 30.00, 3200.000000
1, 29.99, 500.000000
1, 29.98, 10000.000000
1, 29.90, 2200.000000
1, 29.89, 100.000000
1, 29.88, 300.000000
1, 29.87, 100.000000
2, 29.84, 300.000000
2, 29.83, 300.000000
2, 29.82, 1100.000000
2, 29.81, 100.000000
2, 29.80, 4200.000000
2, 29.79, 2000.000000
2, 29.78, 1500.000000
2, 29.75, 5000.000000
2, 29.72, 200.000000
2, 29.70, 5000.000000
2, 29.66, 100.000000
2, 29.65, 3000.000000
2, 29.54, 100.000000
2, 29.51, 200.000000
2, 29.50, 1500.000000
@, 29.84, 29.87
1, 32.99, 100.000000
1, 30.94, 2000.000000
1, 30.36, 100.000000
1, 30.35, 100.000000
1, 30.31, 100.000000
1, 30.27, 1500.000000
1, 30.25, 500.000000
1, 30.22, 2000.000000
1, 30.21, 500.000000
1, 30.00, 3200.000000
1, 29.99, 500.000000
1, 29.98, 10000.000000
1, 29.90, 2200.000000
1, 29.89, 100.000000
1, 29.88, 300.000000
1, 29.87, 100.000000
2, 29.84, 300.000000
2, 29.83, 300.000000
2, 29.82, 1100.000000
2, 29.81, 100.000000
2, 29.80, 4200.000000
2, 29.79, 2000.000000
2, 29.78, 1500.000000
2, 29.75, 5000.000000
2, 29.72, 200.000000
2, 29.70, 5000.000000
2, 29.66, 100.000000
2, 29.65, 3000.000000
2, 29.54, 100.000000
2, 29.51, 200.000000
2, 29.50, 1500.000000
@, 29.84, 29.87
1, 32.99, 100.000000
1, 30.94, 2000.000000
1, 30.36, 100.000000
1, 30.35, 100.000000
1, 30.31, 100.000000
1, 30.27, 1500.000000
1, 30.25, 500.000000
1, 30.22, 2000.000000
1, 30.21, 500.000000
1, 30.00, 3200.000000
1, 29.99, 500.000000
1, 29.98, 10000.000000
1, 29.90, 2200.000000
1, 29.89, 100.000000
1, 29.88, 300.000000
1, 29.87, 100.000000
2, 29.84, 300.000000
2, 29.83, 300.000000
2, 29.82, 1100.000000
2, 29.81, 100.000000
2, 29.80, 4200.000000
2, 29.79, 2000.000000
2, 29.78, 1500.000000
2, 29.75, 5000.000000
2, 29.72, 200.000000
2, 29.70, 5000.000000
2, 29.66, 100.000000
2, 29.65, 3000.000000
2, 29.54, 100.000000
2, 29.51, 200.000000
2, 29.50, 1500.000000
@, 29.84, 29.87
1, 32.99, 100.000000
1, 30.94, 2000.000000
1, 30.36, 100.000000
1, 30.35, 100.000000
1, 30.31, 100.000000
1, 30.27, 1500.000000
1, 30.25, 500.000000
1, 30.22, 2000.000000
1, 30.21, 500.000000
1, 30.00, 3200.000000
1, 29.99, 500.000000
1, 29.98, 10000.000000
1, 29.90, 2200.000000
1, 29.89, 100.000000
1, 29.88, 300.000000
1, 29.87, 100.000000
2, 29.84, 300.000000
2, 29.83, 300.000000
2, 29.82, 1100.000000
2, 29.81, 100.000000
2, 29.80, 4200.000000
2, 29.79, 2000.000000
2, 29.78, 1500.000000
2, 29.75, 5000.000000
2, 29.72, 200.000000
2, 29.70, 5000.000000
2, 29.66, 100.000000
2, 29.65, 3000.000000
2, 29.54, 100.000000
2, 29.51, 200.000000
2, 29.50, 1500.000000
@, 29.84, 29.87
1, 32.99, 100.000000
1, 30.94, 2000.000000
1, 30.36, 100.000000
1, 30.35, 100.000000
1, 30.31, 100.000000
1, 30.27, 1500.000000
1, 30.25, 500.000000
1, 30.22, 2000.000000
1, 30.21, 500.000000
1, 30.00, 3200.000000
1, 29.99, 500.000000
1, 29.98, 10000.000000
1, 29.90, 2200.000000
1, 29.89, 100.000000
1, 29.88, 300.000000
1, 29.87, 100.000000
2, 29.84, 300.000000
2, 29.83, 300.000000
2, 29.82, 1100.000000
2, 29.81, 100.000000
2, 29.80, 4200.000000
2, 29.79, 2000.000000
2, 29.78, 1500.000000
2, 29.75, 5000.000000
2, 29.72, 200.000000
2, 29.70, 5000.000000
2, 29.66, 100.000000
2, 29.65, 3000.000000
2, 29.54, 100.000000
2, 29.51, 200.000000
2, 29.50, 1500.000000
@, 29.84, 29.87
1, 32.99, 100.000000
1, 30.94, 2000.000000
1, 30.36, 100.000000
1, 30.35, 100.000000
1, 30.31, 100.000000
1, 30.27, 1500.000000
1, 30.25, 500.000000
1, 30.22, 2000.000000
1, 30.21, 500.000000
1, 30.00, 3200.000000
1, 29.99, 500.000000
1, 29.98, 10000.000000
1, 29.90, 2200.000000
1, 29.89, 100.000000
1, 29.88, 300.000000
1, 29.87, 100.000000
2, 29.84, 300.000000
2, 29.83, 300.000000
2, 29.82, 1100.000000
2, 29.81, 100.000000
2, 29.80, 4200.000000
2, 29.79, 2000.000000
2, 29.78, 1500.000000
2, 29.75, 5000.000000
2, 29.72, 200.000000
2, 29.70, 5000.000000
2, 29.66, 100.000000
2, 29.65, 3000.000000
2, 29.54, 100.000000
2, 29.51, 200.000000
2, 29.50, 1500.000000
@, 29.84, 29.87
1, 32.99, 100.000000
1, 30.94, 2000.000000
1, 30.36, 100.000000
1, 30.35, 100.000000
1, 30.31, 100.000000
1, 30.27, 1500.000000
1, 30.25, 500.000000
1, 30.22, 2000.000000
1, 30.21, 500.000000
1, 30.00, 3200.000000
1, 29.99, 500.000000
1, 29.98, 10000.000000
1, 29.90, 2200.000000
1, 29.89, 100.000000
1, 29.88, 300.000000
1, 29.87, 100.000000
2, 29.84, 300.000000
2, 29.83, 300.000000
2, 29.82, 1100.000000
2, 29.81, 100.000000
2, 29.80, 4200.000000
2, 29.79, 2000.000000
2, 29.78, 1500.000000
2, 29.75, 5000.000000
2, 29.72, 200.000000
2, 29.70, 5000.000000
2, 29.66, 100.000000
2, 29.65, 3000.000000
2, 29.54, 100.000000
2, 29.51, 200.000000
2, 29.50, 1500.000000
@