, 2.69, 2.70
1, 2.86, 3800.000000
1, 2.85, 23800.000000
1, 2.84, 13300.000000
1, 2.83, 4300.000000
1, 2.82, 100.000000
1, 2.81, 4800.000000
1, 2.80, 10700.000000
1, 2.79, 8100.000000
1, 2.78, 5500.000000
1, 2.77, 9200.000000
1, 2.76, 3400.000000
1, 2.75, 7500.000000
1, 2.74, 3100.000000
1, 2.73, 5600.000000
1, 2.72, 2000.000000
1, 2.70, 1100.000000
2, 2.69, 800.000000
2, 2.68, 1900.000000
2, 2.67, 1400.000000
2, 2.66, 4900.000000
2, 2.65, 7100.000000
2, 2.64, 10400.000000
2, 2.63, 10600.000000
2, 2.62, 1700.000000
2, 2.61, 14300.000000
2, 2.60, 18000.000000
2, 2.59, 4400.000000
2, 2.58, 11300.000000
2, 2.57, 14900.000000
2, 2.55, 5800.000000
2, 2.54, 400.000000
@, 2.69, 2.70
1, 2.86, 3800.000000
1, 2.85, 23800.000000
1, 2.84, 13300.000000
1, 2.83, 4300.000000
1, 2.82, 100.000000
1, 2.81, 4800.000000
1, 2.80, 10700.000000
1, 2.79, 8100.000000
1, 2.78, 5500.000000
1, 2.77, 9200.000000
1, 2.76, 3400.000000
1, 2.75, 7500.000000
1, 2.74, 3100.000000
1, 2.73, 5600.000000
1, 2.72, 2000.000000
1, 2.70, 1100.000000
2, 2.69, 800.000000
2, 2.68, 1900.000000
2, 2.67, 1400.000000
2, 2.66, 4900.000000
2, 2.65, 7100.000000
2, 2.64, 10400.000000
2, 2.63, 10600.000000
2, 2.62, 1700.000000
2, 2.61, 14300.000000
2, 2.60, 18000.000000
2, 2.59, 4400.000000
2, 2.58, 11300.000000
2, 2.57, 14900.000000
2, 2.55, 5800.000000
2, 2.54, 400.000000
@, 2.69, 2.70
1, 2.86, 3800.000000
1, 2.85, 23800.000000
1, 2.84, 13300.000000
1, 2.83, 4300.000000
1, 2.82, 100.000000
1, 2.81, 4800.000000
1, 2.80, 10700.000000
1, 2.79, 8100.000000
1, 2.78, 5500.000000
1, 2.77, 9200.000000
1, 2.76, 3400.000000
1, 2.75, 7500.000000
1, 2.74, 3100.000000
1, 2.73, 5600.000000
1, 2.72, 2000.000000
1, 2.70, 1100.000000
2, 2.69, 800.000000
2, 2.68, 1900.000000
2, 2.67, 1400.000000
2, 2.66, 4900.000000
2, 2.65, 7100.000000
2, 2.64, 10400.000000
2, 2.63, 10600.000000
2, 2.62, 1700.000000
2, 2.61, 14300.000000
2, 2.60, 18000.000000
2, 2.59, 4400.000000
2, 2.58, 11300.000000
2, 2.57, 14900.000000
2, 2.55, 5800.000000
2, 2.54, 400.000000
@, 2.69, 2.70
1, 2.86, 3800.000000
1, 2.85, 23800.000000
1, 2.84, 13300.000000
1, 2.83, 4300.000000
1, 2.82, 100.000000
1, 2.81, 4800.000000
1, 2.80, 10700.000000
1, 2.79, 8100.000000
1, 2.78, 5500.000000
1, 2.77, 9200.000000
1, 2.76, 3400.000000
1, 2.75, 7500.000000
1, 2.74, 3100.000000
1, 2.73, 5600.000000
1, 2.72, 2000.000000
1, 2.70, 1100.000000
2, 2.69, 800.000000
2, 2.68, 1900.000000
2, 2.67, 1400.000000
2, 2.66, 4900.000000
2, 2.65, 7100.000000
2, 2.64, 10400.000000
2, 2.63, 10600.000000
2, 2.62, 1700.000000
2, 2.61, 14300.000000
2, 2.60, 18000.000000
2, 2.59, 4400.000000
2, 2.58, 11300.000000
2, 2.57, 14900.000000
2, 2.55, 5800.000000
2, 2.54, 400.000000
@, 2.69, 2.70
1, 2.86, 3800.000000
1, 2.85, 23800.000000
1, 2.84, 13300.000000
1, 2.83, 4300.000000
1, 2.82, 100.000000
1, 2.81, 4800.000000
1, 2.80, 10700.000000
1, 2.79, 8100.000000
1, 2.78, 5500.000000
1, 2.77, 9200.000000
1, 2.76, 3400.000000
1, 2.75, 7500.000000
1, 2.74, 3100.000000
1, 2.73, 5600.000000
1, 2.72, 2000.000000
1, 2.70, 1100.000000
2, 2.69, 800.000000
2, 2.68, 1900.000000
2, 2.67, 1400.000000
2, 2.66, 4900.000000
2, 2.65, 7100.000000
2, 2.64, 10400.000000
2, 2.63, 10600.000000
2, 2.62, 1700.000000
2, 2.61, 14300.000000
2, 2.60, 18000.000000
2, 2.59, 4400.000000
2, 2.58, 11300.000000
2, 2.57, 14900.000000
2, 2.55, 5800.000000
2, 2.54, 400.000000
@, 2.69, 2.70
1, 2.86, 3800.000000
1, 2.85, 23800.000000
1, 2.84, 13300.000000
1, 2.83, 4300.000000
1, 2.82, 100.000000
1, 2.81, 4800.000000
1, 2.80, 10700.000000
1, 2.79, 8100.000000
1, 2.78, 5500.000000
1, 2.77, 9200.000000
1, 2.76, 3400.000000
1, 2.75, 7500.000000
1, 2.74, 3100.000000
1, 2.73, 5600.000000
1, 2.72, 2000.000000
1, 2.70, 1100.000000
2, 2.69, 800.000000
2, 2.68, 1900.000000
2, 2.67, 1400.000000
2, 2.66, 4900.000000
2, 2.65, 7100.000000
2, 2.64, 10400.000000
2, 2.63, 10600.000000
2, 2.62, 1700.000000
2, 2.61, 14300.000000
2, 2.60, 18000.000000
2, 2.59, 4400.000000
2, 2.58, 11300.000000
2, 2.57, 14900.000000
2, 2.55, 5800.000000
2, 2.54, 400.000000
@, 2.69, 2.70
1, 2.86, 3800.000000
1, 2.85, 23800.000000
1, 2.84, 13300.000000
1, 2.83, 4300.000000
1, 2.82, 100.000000
1, 2.81, 4800.000000
1, 2.80, 10700.000000
1, 2.79, 8100.000000
1, 2.78, 5500.000000
1, 2.77, 9200.000000
1, 2.76, 3400.000000
1, 2.75, 7500.000000
1, 2.74, 3100.000000
1, 2.73, 5600.000000
1, 2.72, 2000.000000
1, 2.70, 1100.000000
2, 2.69, 800.000000
2, 2.68, 1900.000000
2, 2.67, 1400.000000
2, 2.66, 4900.000000
2, 2.65, 7100.000000
2, 2.64, 10400.000000
2, 2.63, 10600.000000
2, 2.62, 1700.000000
2, 2.61, 14300.000000
2, 2.60, 18000.000000
2, 2.59, 4400.000000
2, 2.58, 11300.000000
2, 2.57, 14900.000000
2, 2.55, 5800.000000
2, 2.54, 400.000000
@, 2.69, 2.70
1, 2.86, 3800.000000
1, 2.85, 23800.000000
1, 2.84, 13300.000000
1, 2.83, 4300.000000
1, 2.82, 100.000000
1, 2.81, 4800.000000
1, 2.80, 10700.000000
1, 2.79, 8100.000000
1, 2.78, 5500.000000
1, 2.77, 9200.000000
1, 2.76, 3400.000000
1, 2.75, 7500.000000
1, 2.74, 3100.000000
1, 2.73, 5600.000000
1, 2.72, 2000.000000
1, 2.70, 1100.000000
2, 2.69, 800.000000
2, 2.68, 1900.000000
2, 2.67, 1400.000000
2, 2.66, 4900.000000
2, 2.65, 7100.000000
2, 2.64, 10400.000000
2, 2.63, 10600.000000
2, 2.62, 1700.000000
2, 2.61, 14300.000000
2, 2.60, 18000.000000
2, 2.59, 4400.000000
2, 2.58, 11300.000000
2, 2.57, 14900.000000
2, 2.55, 5800.000000
2, 2.54, 400.000000
@, 2.69, 2.70
1, 2.86, 3800.000000
1, 2.85, 23800.000000
1, 2.84, 13300.000000
1, 2.83, 4300.000000
1, 2.82, 100.000000
1, 2.81, 4800.000000
1, 2.80, 10700.000000
1, 2.79, 8100.000000
1, 2.78, 5500.000000
1, 2.77, 9200.000000
1, 2.76, 3400.000000
1, 2.75, 7500.000000
1, 2.74, 3100.000000
1, 2.73, 5600.000000
1, 2.72, 2000.000000
1, 2.70, 1100.000000
2, 2.69, 800.000000
2, 2.68, 1900.000000
2, 2.67, 1400.000000
2, 2.66, 4900.000000
2, 2.65, 7100.000000
2, 2.64, 10400.000000
2, 2.63, 10600.000000
2, 2.62, 1700.000000
2, 2.61, 14300.000000
2, 2.60, 18000.000000
2, 2.59, 4400.000000
2, 2.58, 11300.000000
2, 2.57, 14900.000000
2, 2.55, 5800.000000
2, 2.54, 400.000000
@, 2.69, 2.70
1, 2.86, 3800.000000
1, 2.85, 23800.000000
1, 2.84, 13300.000000
1, 2.83, 4300.000000
1, 2.82, 100.000000
1, 2.81, 4800.000000
1, 2.80, 10700.000000
1, 2.79, 8100.000000
1, 2.78, 5500.000000
1, 2.77, 9200.000000
1, 2.76, 3400.000000
1, 2.75, 7500.000000
1, 2.74, 3100.000000
1, 2.73, 5600.000000
1, 2.72, 2000.000000
1, 2.70, 1100.000000
2, 2.69, 800.000000
2, 2.68, 1900.000000
2, 2.67, 1400.000000
2, 2.66, 4900.000000
2, 2.65, 7100.000000
2, 2.64, 10400.000000
2, 2.63, 10600.000000
2, 2.62, 1700.000000
2, 2.61, 14300.000000
2, 2.60, 18000.000000
2, 2.59, 4400.000000
2, 2.58, 11300.000000
2, 2.57, 14900.000000
2, 2.55, 5800.000000
2, 2.54, 400.000000
@