, 11.01, 12.00
1, 29.99, 100.000000
1, 27.00, 600.000000
1, 23.99, 100.000000
1, 17.98, 100.000000
1, 16.10, 100.000000
1, 16.00, 300.000000
1, 15.90, 100.000000
1, 15.00, 1700.000000
1, 14.00, 100.000000
1, 13.00, 500.000000
1, 12.80, 100.000000
1, 12.00, 100.000000
2, 11.01, 300.000000
2, 11.00, 200.000000
2, 9.50, 100.000000
@, 11.01, 12.00
1, 29.99, 100.000000
1, 27.00, 600.000000
1, 23.99, 100.000000
1, 17.98, 100.000000
1, 16.10, 100.000000
1, 16.00, 300.000000
1, 15.90, 100.000000
1, 15.00, 1700.000000
1, 14.00, 100.000000
1, 13.00, 500.000000
1, 12.80, 100.000000
1, 12.00, 100.000000
2, 11.01, 300.000000
2, 11.00, 200.000000
2, 9.50, 100.000000
@, 11.01, 12.00
1, 29.99, 100.000000
1, 27.00, 600.000000
1, 23.99, 100.000000
1, 17.98, 100.000000
1, 16.10, 100.000000
1, 16.00, 300.000000
1, 15.90, 100.000000
1, 15.00, 1700.000000
1, 14.00, 100.000000
1, 13.00, 500.000000
1, 12.80, 100.000000
1, 12.00, 100.000000
2, 11.01, 300.000000
2, 11.00, 200.000000
2, 9.50, 100.000000
@, 11.01, 12.00
1, 29.99, 100.000000
1, 27.00, 600.000000
1, 23.99, 100.000000
1, 17.98, 100.000000
1, 16.10, 100.000000
1, 16.00, 300.000000
1, 15.90, 100.000000
1, 15.00, 1700.000000
1, 14.00, 100.000000
1, 13.00, 500.000000
1, 12.80, 100.000000
1, 12.00, 100.000000
2, 11.01, 300.000000
2, 11.00, 200.000000
2, 9.50, 100.000000
@, 11.01, 12.00
1, 29.99, 100.000000
1, 27.00, 600.000000
1, 23.99, 100.000000
1, 17.98, 100.000000
1, 16.10, 100.000000
1, 16.00, 300.000000
1, 15.90, 100.000000
1, 15.00, 1700.000000
1, 14.00, 100.000000
1, 13.00, 500.000000
1, 12.80, 100.000000
1, 12.00, 100.000000
2, 11.01, 300.000000
2, 11.00, 200.000000
2, 9.50, 100.000000
@, 11.01, 12.00
1, 29.99, 100.000000
1, 27.00, 600.000000
1, 23.99, 100.000000
1, 17.98, 100.000000
1, 16.10, 100.000000
1, 16.00, 300.000000
1, 15.90, 100.000000
1, 15.00, 1700.000000
1, 14.00, 100.000000
1, 13.00, 500.000000
1, 12.80, 100.000000
1, 12.00, 100.000000
2, 11.01, 300.000000
2, 11.00, 200.000000
2, 9.50, 100.000000
@, 11.01, 12.00
1, 29.99, 100.000000
1, 27.00, 600.000000
1, 23.99, 100.000000
1, 17.98, 100.000000
1, 16.10, 100.000000
1, 16.00, 300.000000
1, 15.90, 100.000000
1, 15.00, 1700.000000
1, 14.00, 100.000000
1, 13.00, 500.000000
1, 12.80, 100.000000
1, 12.00, 100.000000
2, 11.01, 300.000000
2, 11.00, 200.000000
2, 9.50, 100.000000
@, 11.01, 12.00
1, 29.99, 100.000000
1, 27.00, 600.000000
1, 23.99, 100.000000
1, 17.98, 100.000000
1, 16.10, 100.000000
1, 16.00, 300.000000
1, 15.90, 100.000000
1, 15.00, 1700.000000
1, 14.00, 100.000000
1, 13.00, 500.000000
1, 12.80, 100.000000
1, 12.00, 100.000000
2, 11.01, 300.000000
2, 11.00, 200.000000
2, 9.50, 100.000000
@, 11.01, 12.00
1, 29.99, 100.000000
1, 27.00, 600.000000
1, 23.99, 100.000000
1, 17.98, 100.000000
1, 16.10, 100.000000
1, 16.00, 300.000000
1, 15.90, 100.000000
1, 15.00, 1700.000000
1, 14.00, 100.000000
1, 13.00, 500.000000
1, 12.80, 100.000000
1, 12.00, 100.000000
2, 11.01, 300.000000
2, 11.00, 200.000000
2, 9.50, 100.000000
@, 11.01, 12.00
1, 29.99, 100.000000
1, 27.00, 600.000000
1, 23.99, 100.000000
1, 17.98, 100.000000
1, 16.10, 100.000000
1, 16.00, 300.000000
1, 15.90, 100.000000
1, 15.00, 1700.000000
1, 14.00, 100.000000
1, 13.00, 500.000000
1, 12.80, 100.000000
1, 12.00, 100.000000
2, 11.01, 300.000000
2, 11.00, 200.000000
2, 9.50, 100.000000
@