, 11.04, 11.44
1, 20.00, 500.000000
1, 15.99, 2000.000000
1, 15.10, 1000.000000
1, 15.00, 200.000000
1, 14.99, 2000.000000
1, 13.30, 1500.000000
1, 12.99, 1000.000000
1, 12.87, 300.000000
1, 12.50, 200.000000
1, 11.80, 3300.000000
1, 11.79, 500.000000
1, 11.64, 600.000000
1, 11.63, 300.000000
1, 11.50, 200.000000
1, 11.45, 200.000000
1, 11.44, 100.000000
2, 11.04, 100.000000
2, 11.03, 400.000000
2, 11.02, 100.000000
2, 11.00, 1000.000000
2, 10.80, 200.000000
2, 10.52, 300.000000
2, 10.46, 200.000000
2, 10.41, 900.000000
2, 10.40, 1200.000000
2, 10.31, 500.000000
2, 10.30, 200.000000
2, 10.26, 100.000000
2, 10.25, 100.000000
2, 10.22, 100.000000
2, 10.05, 200.000000
@, 11.04, 11.44
1, 20.00, 500.000000
1, 15.99, 2000.000000
1, 15.10, 1000.000000
1, 15.00, 200.000000
1, 14.99, 2000.000000
1, 13.30, 1500.000000
1, 12.99, 1000.000000
1, 12.87, 300.000000
1, 12.50, 200.000000
1, 11.80, 3300.000000
1, 11.79, 500.000000
1, 11.64, 600.000000
1, 11.63, 300.000000
1, 11.50, 200.000000
1, 11.45, 200.000000
1, 11.44, 100.000000
2, 11.04, 100.000000
2, 11.03, 400.000000
2, 11.02, 100.000000
2, 11.00, 1000.000000
2, 10.80, 200.000000
2, 10.52, 300.000000
2, 10.46, 200.000000
2, 10.41, 900.000000
2, 10.40, 1200.000000
2, 10.31, 500.000000
2, 10.30, 200.000000
2, 10.26, 100.000000
2, 10.25, 100.000000
2, 10.22, 100.000000
2, 10.05, 200.000000
@, 11.04, 11.44
1, 20.00, 500.000000
1, 15.99, 2000.000000
1, 15.10, 1000.000000
1, 15.00, 200.000000
1, 14.99, 2000.000000
1, 13.30, 1500.000000
1, 12.99, 1000.000000
1, 12.87, 300.000000
1, 12.50, 200.000000
1, 11.80, 3300.000000
1, 11.79, 500.000000
1, 11.64, 600.000000
1, 11.63, 300.000000
1, 11.50, 200.000000
1, 11.45, 200.000000
1, 11.44, 100.000000
2, 11.04, 100.000000
2, 11.03, 400.000000
2, 11.02, 100.000000
2, 11.00, 1000.000000
2, 10.80, 200.000000
2, 10.52, 300.000000
2, 10.46, 200.000000
2, 10.41, 900.000000
2, 10.40, 1200.000000
2, 10.31, 500.000000
2, 10.30, 200.000000
2, 10.26, 100.000000
2, 10.25, 100.000000
2, 10.22, 100.000000
2, 10.05, 200.000000
@, 11.04, 11.44
1, 20.00, 500.000000
1, 15.99, 2000.000000
1, 15.10, 1000.000000
1, 15.00, 200.000000
1, 14.99, 2000.000000
1, 13.30, 1500.000000
1, 12.99, 1000.000000
1, 12.87, 300.000000
1, 12.50, 200.000000
1, 11.80, 3300.000000
1, 11.79, 500.000000
1, 11.64, 600.000000
1, 11.63, 300.000000
1, 11.50, 200.000000
1, 11.45, 200.000000
1, 11.44, 100.000000
2, 11.04, 100.000000
2, 11.03, 400.000000
2, 11.02, 100.000000
2, 11.00, 1000.000000
2, 10.80, 200.000000
2, 10.52, 300.000000
2, 10.46, 200.000000
2, 10.41, 900.000000
2, 10.40, 1200.000000
2, 10.31, 500.000000
2, 10.30, 200.000000
2, 10.26, 100.000000
2, 10.25, 100.000000
2, 10.22, 100.000000
2, 10.05, 200.000000
@, 11.04, 11.44
1, 20.00, 500.000000
1, 15.99, 2000.000000
1, 15.10, 1000.000000
1, 15.00, 200.000000
1, 14.99, 2000.000000
1, 13.30, 1500.000000
1, 12.99, 1000.000000
1, 12.87, 300.000000
1, 12.50, 200.000000
1, 11.80, 3300.000000
1, 11.79, 500.000000
1, 11.64, 600.000000
1, 11.63, 300.000000
1, 11.50, 200.000000
1, 11.45, 200.000000
1, 11.44, 100.000000
2, 11.04, 100.000000
2, 11.03, 400.000000
2, 11.02, 100.000000
2, 11.00, 1000.000000
2, 10.80, 200.000000
2, 10.52, 300.000000
2, 10.46, 200.000000
2, 10.41, 900.000000
2, 10.40, 1200.000000
2, 10.31, 500.000000
2, 10.30, 200.000000
2, 10.26, 100.000000
2, 10.25, 100.000000
2, 10.22, 100.000000
2, 10.05, 200.000000
@, 11.04, 11.44
1, 20.00, 500.000000
1, 15.99, 2000.000000
1, 15.10, 1000.000000
1, 15.00, 200.000000
1, 14.99, 2000.000000
1, 13.30, 1500.000000
1, 12.99, 1000.000000
1, 12.87, 300.000000
1, 12.50, 200.000000
1, 11.80, 3300.000000
1, 11.79, 500.000000
1, 11.64, 600.000000
1, 11.63, 300.000000
1, 11.50, 200.000000
1, 11.45, 200.000000
1, 11.44, 100.000000
2, 11.04, 100.000000
2, 11.03, 400.000000
2, 11.02, 100.000000
2, 11.00, 1000.000000
2, 10.80, 200.000000
2, 10.52, 300.000000
2, 10.46, 200.000000
2, 10.41, 900.000000
2, 10.40, 1200.000000
2, 10.31, 500.000000
2, 10.30, 200.000000
2, 10.26, 100.000000
2, 10.25, 100.000000
2, 10.22, 100.000000
2, 10.05, 200.000000
@, 11.04, 11.44
1, 20.00, 500.000000
1, 15.99, 2000.000000
1, 15.10, 1000.000000
1, 15.00, 200.000000
1, 14.99, 2000.000000
1, 13.30, 1500.000000
1, 12.99, 1000.000000
1, 12.87, 300.000000
1, 12.50, 200.000000
1, 11.80, 3300.000000
1, 11.79, 500.000000
1, 11.64, 600.000000
1, 11.63, 300.000000
1, 11.50, 200.000000
1, 11.45, 200.000000
1, 11.44, 100.000000
2, 11.04, 100.000000
2, 11.03, 400.000000
2, 11.02, 100.000000
2, 11.00, 1000.000000
2, 10.80, 200.000000
2, 10.52, 300.000000
2, 10.46, 200.000000
2, 10.41, 900.000000
2, 10.40, 1200.000000
2, 10.31, 500.000000
2, 10.30, 200.000000
2, 10.26, 100.000000
2, 10.25, 100.000000
2, 10.22, 100.000000
2, 10.05, 200.000000
@, 11.04, 11.44
1, 20.00, 500.000000
1, 15.99, 2000.000000
1, 15.10, 1000.000000
1, 15.00, 200.000000
1, 14.99, 2000.000000
1, 13.30, 1500.000000
1, 12.99, 1000.000000
1, 12.87, 300.000000
1, 12.50, 200.000000
1, 11.80, 3300.000000
1, 11.79, 500.000000
1, 11.64, 600.000000
1, 11.63, 300.000000
1, 11.50, 200.000000
1, 11.45, 200.000000
1, 11.44, 100.000000
2, 11.04, 100.000000
2, 11.03, 400.000000
2, 11.02, 100.000000
2, 11.00, 1000.000000
2, 10.80, 200.000000
2, 10.52, 300.000000
2, 10.46, 200.000000
2, 10.41, 900.000000
2, 10.40, 1200.000000
2, 10.31, 500.000000
2, 10.30, 200.000000
2, 10.26, 100.000000
2, 10.25, 100.000000
2, 10.22, 100.000000
2, 10.05, 200.000000
@, 11.04, 11.44
1, 20.00, 500.000000
1, 15.99, 2000.000000
1, 15.10, 1000.000000
1, 15.00, 200.000000
1, 14.99, 2000.000000
1, 13.30, 1500.000000
1, 12.99, 1000.000000
1, 12.87, 300.000000
1, 12.50, 200.000000
1, 11.80, 3300.000000
1, 11.79, 500.000000
1, 11.64, 600.000000
1, 11.63, 300.000000
1, 11.50, 200.000000
1, 11.45, 200.000000
1, 11.44, 100.000000
2, 11.04, 100.000000
2, 11.03, 400.000000
2, 11.02, 100.000000
2, 11.00, 1000.000000
2, 10.80, 200.000000
2, 10.52, 300.000000
2, 10.46, 200.000000
2, 10.41, 900.000000
2, 10.40, 1200.000000
2, 10.31, 500.000000
2, 10.30, 200.000000
2, 10.26, 100.000000
2, 10.25, 100.000000
2, 10.22, 100.000000
2, 10.05, 200.000000
@, 11.04, 11.44
1, 20.00, 500.000000
1, 15.99, 2000.000000
1, 15.10, 1000.000000
1, 15.00, 200.000000
1, 14.99, 2000.000000
1, 13.30, 1500.000000
1, 12.99, 1000.000000
1, 12.87, 300.000000
1, 12.50, 200.000000
1, 11.80, 3300.000000
1, 11.79, 500.000000
1, 11.64, 600.000000
1, 11.63, 300.000000
1, 11.50, 200.000000
1, 11.45, 200.000000
1, 11.44, 100.000000
2, 11.04, 100.000000
2, 11.03, 400.000000
2, 11.02, 100.000000
2, 11.00, 1000.000000
2, 10.80, 200.000000
2, 10.52, 300.000000
2, 10.46, 200.000000
2, 10.41, 900.000000
2, 10.40, 1200.000000
2, 10.31, 500.000000
2, 10.30, 200.000000
2, 10.26, 100.000000
2, 10.25, 100.000000
2, 10.22, 100.000000
2, 10.05, 200.000000
@