, 2.08, 2.09
1, 2.39, 1000.000000
1, 2.38, 2500.000000
1, 2.34, 700.000000
1, 2.30, 2500.000000
1, 2.29, 2000.000000
1, 2.27, 300.000000
1, 2.26, 5000.000000
1, 2.25, 200.000000
1, 2.23, 200.000000
1, 2.22, 4500.000000
1, 2.20, 900.000000
1, 2.19, 9700.000000
1, 2.18, 1100.000000
1, 2.17, 400.000000
1, 2.16, 200.000000
1, 2.09, 4000.000000
2, 2.08, 1800.000000
2, 2.07, 200.000000
2, 2.06, 700.000000
2, 2.05, 800.000000
2, 2.04, 3300.000000
2, 2.03, 7400.000000
2, 2.00, 12800.000000
2, 1.97, 6000.000000
2, 1.95, 300.000000
2, 1.93, 100.000000
2, 1.91, 5000.000000
2, 1.90, 1200.000000
2, 1.85, 5000.000000
2, 1.80, 300.000000
2, 1.77, 5000.000000
@, 2.08, 2.09
1, 2.39, 1000.000000
1, 2.38, 2500.000000
1, 2.34, 700.000000
1, 2.30, 2500.000000
1, 2.29, 2000.000000
1, 2.27, 300.000000
1, 2.26, 5000.000000
1, 2.25, 200.000000
1, 2.23, 200.000000
1, 2.22, 4500.000000
1, 2.20, 900.000000
1, 2.19, 9700.000000
1, 2.18, 1100.000000
1, 2.17, 400.000000
1, 2.16, 200.000000
1, 2.09, 4000.000000
2, 2.08, 1800.000000
2, 2.07, 200.000000
2, 2.06, 700.000000
2, 2.05, 800.000000
2, 2.04, 3300.000000
2, 2.03, 7400.000000
2, 2.00, 12800.000000
2, 1.97, 6000.000000
2, 1.95, 300.000000
2, 1.93, 100.000000
2, 1.91, 5000.000000
2, 1.90, 1200.000000
2, 1.85, 5000.000000
2, 1.80, 300.000000
2, 1.77, 5000.000000
@, 2.08, 2.09
1, 2.39, 1000.000000
1, 2.38, 2500.000000
1, 2.34, 700.000000
1, 2.30, 2500.000000
1, 2.29, 2000.000000
1, 2.27, 300.000000
1, 2.26, 5000.000000
1, 2.25, 200.000000
1, 2.23, 200.000000
1, 2.22, 4500.000000
1, 2.20, 900.000000
1, 2.19, 9700.000000
1, 2.18, 1100.000000
1, 2.17, 400.000000
1, 2.16, 200.000000
1, 2.09, 4000.000000
2, 2.08, 1800.000000
2, 2.07, 200.000000
2, 2.06, 700.000000
2, 2.05, 800.000000
2, 2.04, 3300.000000
2, 2.03, 7400.000000
2, 2.00, 12800.000000
2, 1.97, 6000.000000
2, 1.95, 300.000000
2, 1.93, 100.000000
2, 1.91, 5000.000000
2, 1.90, 1200.000000
2, 1.85, 5000.000000
2, 1.80, 300.000000
2, 1.77, 5000.000000
@, 2.08, 2.09
1, 2.39, 1000.000000
1, 2.38, 2500.000000
1, 2.34, 700.000000
1, 2.30, 2500.000000
1, 2.29, 2000.000000
1, 2.27, 300.000000
1, 2.26, 5000.000000
1, 2.25, 200.000000
1, 2.23, 200.000000
1, 2.22, 4500.000000
1, 2.20, 900.000000
1, 2.19, 9700.000000
1, 2.18, 1100.000000
1, 2.17, 400.000000
1, 2.16, 200.000000
1, 2.09, 4000.000000
2, 2.08, 1800.000000
2, 2.07, 200.000000
2, 2.06, 700.000000
2, 2.05, 800.000000
2, 2.04, 3300.000000
2, 2.03, 7400.000000
2, 2.00, 12800.000000
2, 1.97, 6000.000000
2, 1.95, 300.000000
2, 1.93, 100.000000
2, 1.91, 5000.000000
2, 1.90, 1200.000000
2, 1.85, 5000.000000
2, 1.80, 300.000000
2, 1.77, 5000.000000
@, 2.08, 2.09
1, 2.39, 1000.000000
1, 2.38, 2500.000000
1, 2.34, 700.000000
1, 2.30, 2500.000000
1, 2.29, 2000.000000
1, 2.27, 300.000000
1, 2.26, 5000.000000
1, 2.25, 200.000000
1, 2.23, 200.000000
1, 2.22, 4500.000000
1, 2.20, 900.000000
1, 2.19, 9700.000000
1, 2.18, 1100.000000
1, 2.17, 400.000000
1, 2.16, 200.000000
1, 2.09, 4000.000000
2, 2.08, 1800.000000
2, 2.07, 200.000000
2, 2.06, 700.000000
2, 2.05, 800.000000
2, 2.04, 3300.000000
2, 2.03, 7400.000000
2, 2.00, 12800.000000
2, 1.97, 6000.000000
2, 1.95, 300.000000
2, 1.93, 100.000000
2, 1.91, 5000.000000
2, 1.90, 1200.000000
2, 1.85, 5000.000000
2, 1.80, 300.000000
2, 1.77, 5000.000000
@, 2.08, 2.09
1, 2.39, 1000.000000
1, 2.38, 2500.000000
1, 2.34, 700.000000
1, 2.30, 2500.000000
1, 2.29, 2000.000000
1, 2.27, 300.000000
1, 2.26, 5000.000000
1, 2.25, 200.000000
1, 2.23, 200.000000
1, 2.22, 4500.000000
1, 2.20, 900.000000
1, 2.19, 9700.000000
1, 2.18, 1100.000000
1, 2.17, 400.000000
1, 2.16, 200.000000
1, 2.09, 4000.000000
2, 2.08, 1800.000000
2, 2.07, 200.000000
2, 2.06, 700.000000
2, 2.05, 800.000000
2, 2.04, 3300.000000
2, 2.03, 7400.000000
2, 2.00, 12800.000000
2, 1.97, 6000.000000
2, 1.95, 300.000000
2, 1.93, 100.000000
2, 1.91, 5000.000000
2, 1.90, 1200.000000
2, 1.85, 5000.000000
2, 1.80, 300.000000
2, 1.77, 5000.000000
@, 2.08, 2.09
1, 2.39, 1000.000000
1, 2.38, 2500.000000
1, 2.34, 700.000000
1, 2.30, 2500.000000
1, 2.29, 2000.000000
1, 2.27, 300.000000
1, 2.26, 5000.000000
1, 2.25, 200.000000
1, 2.23, 200.000000
1, 2.22, 4500.000000
1, 2.20, 900.000000
1, 2.19, 9700.000000
1, 2.18, 1100.000000
1, 2.17, 400.000000
1, 2.16, 200.000000
1, 2.09, 4000.000000
2, 2.08, 1800.000000
2, 2.07, 200.000000
2, 2.06, 700.000000
2, 2.05, 800.000000
2, 2.04, 3300.000000
2, 2.03, 7400.000000
2, 2.00, 12800.000000
2, 1.97, 6000.000000
2, 1.95, 300.000000
2, 1.93, 100.000000
2, 1.91, 5000.000000
2, 1.90, 1200.000000
2, 1.85, 5000.000000
2, 1.80, 300.000000
2, 1.77, 5000.000000
@, 2.08, 2.09
1, 2.39, 1000.000000
1, 2.38, 2500.000000
1, 2.34, 700.000000
1, 2.30, 2500.000000
1, 2.29, 2000.000000
1, 2.27, 300.000000
1, 2.26, 5000.000000
1, 2.25, 200.000000
1, 2.23, 200.000000
1, 2.22, 4500.000000
1, 2.20, 900.000000
1, 2.19, 9700.000000
1, 2.18, 1100.000000
1, 2.17, 400.000000
1, 2.16, 200.000000
1, 2.09, 4000.000000
2, 2.08, 1800.000000
2, 2.07, 200.000000
2, 2.06, 700.000000
2, 2.05, 800.000000
2, 2.04, 3300.000000
2, 2.03, 7400.000000
2, 2.00, 12800.000000
2, 1.97, 6000.000000
2, 1.95, 300.000000
2, 1.93, 100.000000
2, 1.91, 5000.000000
2, 1.90, 1200.000000
2, 1.85, 5000.000000
2, 1.80, 300.000000
2, 1.77, 5000.000000
@, 2.08, 2.09
1, 2.39, 1000.000000
1, 2.38, 2500.000000
1, 2.34, 700.000000
1, 2.30, 2500.000000
1, 2.29, 2000.000000
1, 2.27, 300.000000
1, 2.26, 5000.000000
1, 2.25, 200.000000
1, 2.23, 200.000000
1, 2.22, 4500.000000
1, 2.20, 900.000000
1, 2.19, 9700.000000
1, 2.18, 1100.000000
1, 2.17, 400.000000
1, 2.16, 200.000000
1, 2.09, 4000.000000
2, 2.08, 1800.000000
2, 2.07, 200.000000
2, 2.06, 700.000000
2, 2.05, 800.000000
2, 2.04, 3300.000000
2, 2.03, 7400.000000
2, 2.00, 12800.000000
2, 1.97, 6000.000000
2, 1.95, 300.000000
2, 1.93, 100.000000
2, 1.91, 5000.000000
2, 1.90, 1200.000000
2, 1.85, 5000.000000
2, 1.80, 300.000000
2, 1.77, 5000.000000
@, 2.08, 2.09
1, 2.39, 1000.000000
1, 2.38, 2500.000000
1, 2.34, 700.000000
1, 2.30, 2500.000000
1, 2.29, 2000.000000
1, 2.27, 300.000000
1, 2.26, 5000.000000
1, 2.25, 200.000000
1, 2.23, 200.000000
1, 2.22, 4500.000000
1, 2.20, 900.000000
1, 2.19, 9700.000000
1, 2.18, 1100.000000
1, 2.17, 400.000000
1, 2.16, 200.000000
1, 2.09, 4000.000000
2, 2.08, 1800.000000
2, 2.07, 200.000000
2, 2.06, 700.000000
2, 2.05, 800.000000
2, 2.04, 3300.000000
2, 2.03, 7400.000000
2, 2.00, 12800.000000
2, 1.97, 6000.000000
2, 1.95, 300.000000
2, 1.93, 100.000000
2, 1.91, 5000.000000
2, 1.90, 1200.000000
2, 1.85, 5000.000000
2, 1.80, 300.000000
2, 1.77, 5000.000000
@