, 24.10, 24.30
1, 27.55, 100.000000
1, 27.50, 100.000000
1, 27.10, 100.000000
1, 26.00, 400.000000
1, 25.50, 300.000000
1, 25.48, 100.000000
1, 25.40, 100.000000
1, 25.16, 100.000000
1, 25.00, 3300.000000
1, 24.99, 900.000000
1, 24.89, 300.000000
1, 24.55, 100.000000
1, 24.50, 1800.000000
1, 24.49, 100.000000
1, 24.48, 100.000000
1, 24.30, 300.000000
2, 24.10, 100.000000
2, 24.01, 200.000000
2, 24.00, 100.000000
2, 23.51, 100.000000
2, 23.50, 100.000000
2, 23.40, 900.000000
2, 23.22, 100.000000
2, 23.21, 100.000000
2, 22.63, 100.000000
2, 22.62, 100.000000
2, 22.61, 100.000000
2, 22.60, 1500.000000
2, 22.45, 1000.000000
2, 22.40, 1400.000000
2, 21.88, 100.000000
@, 24.10, 24.30
1, 27.55, 100.000000
1, 27.50, 100.000000
1, 27.10, 100.000000
1, 26.00, 400.000000
1, 25.50, 300.000000
1, 25.48, 100.000000
1, 25.40, 100.000000
1, 25.16, 100.000000
1, 25.00, 3300.000000
1, 24.99, 900.000000
1, 24.89, 300.000000
1, 24.55, 100.000000
1, 24.50, 1800.000000
1, 24.49, 100.000000
1, 24.48, 100.000000
1, 24.30, 300.000000
2, 24.10, 100.000000
2, 24.01, 200.000000
2, 24.00, 100.000000
2, 23.51, 100.000000
2, 23.50, 100.000000
2, 23.40, 900.000000
2, 23.22, 100.000000
2, 23.21, 100.000000
2, 22.63, 100.000000
2, 22.62, 100.000000
2, 22.61, 100.000000
2, 22.60, 1500.000000
2, 22.45, 1000.000000
2, 22.40, 1400.000000
2, 21.88, 100.000000
@, 24.10, 24.30
1, 27.55, 100.000000
1, 27.50, 100.000000
1, 27.10, 100.000000
1, 26.00, 400.000000
1, 25.50, 300.000000
1, 25.48, 100.000000
1, 25.40, 100.000000
1, 25.16, 100.000000
1, 25.00, 3300.000000
1, 24.99, 900.000000
1, 24.89, 300.000000
1, 24.55, 100.000000
1, 24.50, 1800.000000
1, 24.49, 100.000000
1, 24.48, 100.000000
1, 24.30, 300.000000
2, 24.10, 100.000000
2, 24.01, 200.000000
2, 24.00, 100.000000
2, 23.51, 100.000000
2, 23.50, 100.000000
2, 23.40, 900.000000
2, 23.22, 100.000000
2, 23.21, 100.000000
2, 22.63, 100.000000
2, 22.62, 100.000000
2, 22.61, 100.000000
2, 22.60, 1500.000000
2, 22.45, 1000.000000
2, 22.40, 1400.000000
2, 21.88, 100.000000
@, 24.10, 24.30
1, 27.55, 100.000000
1, 27.50, 100.000000
1, 27.10, 100.000000
1, 26.00, 400.000000
1, 25.50, 300.000000
1, 25.48, 100.000000
1, 25.40, 100.000000
1, 25.16, 100.000000
1, 25.00, 3300.000000
1, 24.99, 900.000000
1, 24.89, 300.000000
1, 24.55, 100.000000
1, 24.50, 1800.000000
1, 24.49, 100.000000
1, 24.48, 100.000000
1, 24.30, 300.000000
2, 24.10, 100.000000
2, 24.01, 200.000000
2, 24.00, 100.000000
2, 23.51, 100.000000
2, 23.50, 100.000000
2, 23.40, 900.000000
2, 23.22, 100.000000
2, 23.21, 100.000000
2, 22.63, 100.000000
2, 22.62, 100.000000
2, 22.61, 100.000000
2, 22.60, 1500.000000
2, 22.45, 1000.000000
2, 22.40, 1400.000000
2, 21.88, 100.000000
@, 24.10, 24.30
1, 27.55, 100.000000
1, 27.50, 100.000000
1, 27.10, 100.000000
1, 26.00, 400.000000
1, 25.50, 300.000000
1, 25.48, 100.000000
1, 25.40, 100.000000
1, 25.16, 100.000000
1, 25.00, 3300.000000
1, 24.99, 900.000000
1, 24.89, 300.000000
1, 24.55, 100.000000
1, 24.50, 1800.000000
1, 24.49, 100.000000
1, 24.48, 100.000000
1, 24.30, 300.000000
2, 24.10, 100.000000
2, 24.01, 200.000000
2, 24.00, 100.000000
2, 23.51, 100.000000
2, 23.50, 100.000000
2, 23.40, 900.000000
2, 23.22, 100.000000
2, 23.21, 100.000000
2, 22.63, 100.000000
2, 22.62, 100.000000
2, 22.61, 100.000000
2, 22.60, 1500.000000
2, 22.45, 1000.000000
2, 22.40, 1400.000000
2, 21.88, 100.000000
@, 24.10, 24.30
1, 27.55, 100.000000
1, 27.50, 100.000000
1, 27.10, 100.000000
1, 26.00, 400.000000
1, 25.50, 300.000000
1, 25.48, 100.000000
1, 25.40, 100.000000
1, 25.16, 100.000000
1, 25.00, 3300.000000
1, 24.99, 900.000000
1, 24.89, 300.000000
1, 24.55, 100.000000
1, 24.50, 1800.000000
1, 24.49, 100.000000
1, 24.48, 100.000000
1, 24.30, 300.000000
2, 24.10, 100.000000
2, 24.01, 200.000000
2, 24.00, 100.000000
2, 23.51, 100.000000
2, 23.50, 100.000000
2, 23.40, 900.000000
2, 23.22, 100.000000
2, 23.21, 100.000000
2, 22.63, 100.000000
2, 22.62, 100.000000
2, 22.61, 100.000000
2, 22.60, 1500.000000
2, 22.45, 1000.000000
2, 22.40, 1400.000000
2, 21.88, 100.000000
@, 24.10, 24.30
1, 27.55, 100.000000
1, 27.50, 100.000000
1, 27.10, 100.000000
1, 26.00, 400.000000
1, 25.50, 300.000000
1, 25.48, 100.000000
1, 25.40, 100.000000
1, 25.16, 100.000000
1, 25.00, 3300.000000
1, 24.99, 900.000000
1, 24.89, 300.000000
1, 24.55, 100.000000
1, 24.50, 1800.000000
1, 24.49, 100.000000
1, 24.48, 100.000000
1, 24.30, 300.000000
2, 24.10, 100.000000
2, 24.01, 200.000000
2, 24.00, 100.000000
2, 23.51, 100.000000
2, 23.50, 100.000000
2, 23.40, 900.000000
2, 23.22, 100.000000
2, 23.21, 100.000000
2, 22.63, 100.000000
2, 22.62, 100.000000
2, 22.61, 100.000000
2, 22.60, 1500.000000
2, 22.45, 1000.000000
2, 22.40, 1400.000000
2, 21.88, 100.000000
@, 24.10, 24.30
1, 27.55, 100.000000
1, 27.50, 100.000000
1, 27.10, 100.000000
1, 26.00, 400.000000
1, 25.50, 300.000000
1, 25.48, 100.000000
1, 25.40, 100.000000
1, 25.16, 100.000000
1, 25.00, 3300.000000
1, 24.99, 900.000000
1, 24.89, 300.000000
1, 24.55, 100.000000
1, 24.50, 1800.000000
1, 24.49, 100.000000
1, 24.48, 100.000000
1, 24.30, 300.000000
2, 24.10, 100.000000
2, 24.01, 200.000000
2, 24.00, 100.000000
2, 23.51, 100.000000
2, 23.50, 100.000000
2, 23.40, 900.000000
2, 23.22, 100.000000
2, 23.21, 100.000000
2, 22.63, 100.000000
2, 22.62, 100.000000
2, 22.61, 100.000000
2, 22.60, 1500.000000
2, 22.45, 1000.000000
2, 22.40, 1400.000000
2, 21.88, 100.000000
@, 24.10, 24.30
1, 27.55, 100.000000
1, 27.50, 100.000000
1, 27.10, 100.000000
1, 26.00, 400.000000
1, 25.50, 300.000000
1, 25.48, 100.000000
1, 25.40, 100.000000
1, 25.16, 100.000000
1, 25.00, 3300.000000
1, 24.99, 900.000000
1, 24.89, 300.000000
1, 24.55, 100.000000
1, 24.50, 1800.000000
1, 24.49, 100.000000
1, 24.48, 100.000000
1, 24.30, 300.000000
2, 24.10, 100.000000
2, 24.01, 200.000000
2, 24.00, 100.000000
2, 23.51, 100.000000
2, 23.50, 100.000000
2, 23.40, 900.000000
2, 23.22, 100.000000
2, 23.21, 100.000000
2, 22.63, 100.000000
2, 22.62, 100.000000
2, 22.61, 100.000000
2, 22.60, 1500.000000
2, 22.45, 1000.000000
2, 22.40, 1400.000000
2, 21.88, 100.000000
@, 24.10, 24.30
1, 27.55, 100.000000
1, 27.50, 100.000000
1, 27.10, 100.000000
1, 26.00, 400.000000
1, 25.50, 300.000000
1, 25.48, 100.000000
1, 25.40, 100.000000
1, 25.16, 100.000000
1, 25.00, 3300.000000
1, 24.99, 900.000000
1, 24.89, 300.000000
1, 24.55, 100.000000
1, 24.50, 1800.000000
1, 24.49, 100.000000
1, 24.48, 100.000000
1, 24.30, 300.000000
2, 24.10, 100.000000
2, 24.01, 200.000000
2, 24.00, 100.000000
2, 23.51, 100.000000
2, 23.50, 100.000000
2, 23.40, 900.000000
2, 23.22, 100.000000
2, 23.21, 100.000000
2, 22.63, 100.000000
2, 22.62, 100.000000
2, 22.61, 100.000000
2, 22.60, 1500.000000
2, 22.45, 1000.000000
2, 22.40, 1400.000000
2, 21.88, 100.000000
@