, 4.81, 4.99
1, 12.99, 100.000000
1, 12.00, 100.000000
1, 10.00, 100.000000
1, 7.30, 100.000000
1, 7.00, 700.000000
1, 6.94, 500.000000
1, 6.65, 100.000000
1, 6.63, 700.000000
1, 6.00, 500.000000
1, 5.64, 500.000000
1, 5.62, 100.000000
1, 5.57, 400.000000
1, 5.20, 200.000000
1, 5.15, 400.000000
1, 5.00, 1200.000000
1, 4.99, 100.000000
2, 4.81, 100.000000
2, 4.80, 300.000000
2, 4.71, 100.000000
2, 4.50, 100.000000
2, 4.40, 100.000000
2, 4.39, 100.000000
2, 4.35, 1100.000000
2, 4.23, 100.000000
2, 3.50, 100.000000
2, 3.02, 200.000000
@, 4.81, 4.99
1, 12.99, 100.000000
1, 12.00, 100.000000
1, 10.00, 100.000000
1, 7.30, 100.000000
1, 7.00, 700.000000
1, 6.94, 500.000000
1, 6.65, 100.000000
1, 6.63, 700.000000
1, 6.00, 500.000000
1, 5.64, 500.000000
1, 5.62, 100.000000
1, 5.57, 400.000000
1, 5.20, 200.000000
1, 5.15, 400.000000
1, 5.00, 1200.000000
1, 4.99, 100.000000
2, 4.81, 100.000000
2, 4.80, 300.000000
2, 4.71, 100.000000
2, 4.50, 100.000000
2, 4.40, 100.000000
2, 4.39, 100.000000
2, 4.35, 1100.000000
2, 4.23, 100.000000
2, 3.50, 100.000000
2, 3.02, 200.000000
@, 4.81, 4.99
1, 12.99, 100.000000
1, 12.00, 100.000000
1, 10.00, 100.000000
1, 7.30, 100.000000
1, 7.00, 700.000000
1, 6.94, 500.000000
1, 6.65, 100.000000
1, 6.63, 700.000000
1, 6.00, 500.000000
1, 5.64, 500.000000
1, 5.62, 100.000000
1, 5.57, 400.000000
1, 5.20, 200.000000
1, 5.15, 400.000000
1, 5.00, 1200.000000
1, 4.99, 100.000000
2, 4.81, 100.000000
2, 4.80, 300.000000
2, 4.71, 100.000000
2, 4.50, 100.000000
2, 4.40, 100.000000
2, 4.39, 100.000000
2, 4.35, 1100.000000
2, 4.23, 100.000000
2, 3.50, 100.000000
2, 3.02, 200.000000
@, 4.81, 4.99
1, 12.99, 100.000000
1, 12.00, 100.000000
1, 10.00, 100.000000
1, 7.30, 100.000000
1, 7.00, 700.000000
1, 6.94, 500.000000
1, 6.65, 100.000000
1, 6.63, 700.000000
1, 6.00, 500.000000
1, 5.64, 500.000000
1, 5.62, 100.000000
1, 5.57, 400.000000
1, 5.20, 200.000000
1, 5.15, 400.000000
1, 5.00, 1200.000000
1, 4.99, 100.000000
2, 4.81, 100.000000
2, 4.80, 300.000000
2, 4.71, 100.000000
2, 4.50, 100.000000
2, 4.40, 100.000000
2, 4.39, 100.000000
2, 4.35, 1100.000000
2, 4.23, 100.000000
2, 3.50, 100.000000
2, 3.02, 200.000000
@, 4.81, 4.99
1, 12.99, 100.000000
1, 12.00, 100.000000
1, 10.00, 100.000000
1, 7.30, 100.000000
1, 7.00, 700.000000
1, 6.94, 500.000000
1, 6.65, 100.000000
1, 6.63, 700.000000
1, 6.00, 500.000000
1, 5.64, 500.000000
1, 5.62, 100.000000
1, 5.57, 400.000000
1, 5.20, 200.000000
1, 5.15, 400.000000
1, 5.00, 1200.000000
1, 4.99, 100.000000
2, 4.81, 100.000000
2, 4.80, 300.000000
2, 4.71, 100.000000
2, 4.50, 100.000000
2, 4.40, 100.000000
2, 4.39, 100.000000
2, 4.35, 1100.000000
2, 4.23, 100.000000
2, 3.50, 100.000000
2, 3.02, 200.000000
@, 4.81, 4.99
1, 12.99, 100.000000
1, 12.00, 100.000000
1, 10.00, 100.000000
1, 7.30, 100.000000
1, 7.00, 700.000000
1, 6.94, 500.000000
1, 6.65, 100.000000
1, 6.63, 700.000000
1, 6.00, 500.000000
1, 5.64, 500.000000
1, 5.62, 100.000000
1, 5.57, 400.000000
1, 5.20, 200.000000
1, 5.15, 400.000000
1, 5.00, 1200.000000
1, 4.99, 100.000000
2, 4.81, 100.000000
2, 4.80, 300.000000
2, 4.71, 100.000000
2, 4.50, 100.000000
2, 4.40, 100.000000
2, 4.39, 100.000000
2, 4.35, 1100.000000
2, 4.23, 100.000000
2, 3.50, 100.000000
2, 3.02, 200.000000
@, 4.81, 4.99
1, 12.99, 100.000000
1, 12.00, 100.000000
1, 10.00, 100.000000
1, 7.30, 100.000000
1, 7.00, 700.000000
1, 6.94, 500.000000
1, 6.65, 100.000000
1, 6.63, 700.000000
1, 6.00, 500.000000
1, 5.64, 500.000000
1, 5.62, 100.000000
1, 5.57, 400.000000
1, 5.20, 200.000000
1, 5.15, 400.000000
1, 5.00, 1200.000000
1, 4.99, 100.000000
2, 4.81, 100.000000
2, 4.80, 300.000000
2, 4.71, 100.000000
2, 4.50, 100.000000
2, 4.40, 100.000000
2, 4.39, 100.000000
2, 4.35, 1100.000000
2, 4.23, 100.000000
2, 3.50, 100.000000
2, 3.02, 200.000000
@, 4.81, 4.99
1, 12.99, 100.000000
1, 12.00, 100.000000
1, 10.00, 100.000000
1, 7.30, 100.000000
1, 7.00, 700.000000
1, 6.94, 500.000000
1, 6.65, 100.000000
1, 6.63, 700.000000
1, 6.00, 500.000000
1, 5.64, 500.000000
1, 5.62, 100.000000
1, 5.57, 400.000000
1, 5.20, 200.000000
1, 5.15, 400.000000
1, 5.00, 1200.000000
1, 4.99, 100.000000
2, 4.81, 100.000000
2, 4.80, 300.000000
2, 4.71, 100.000000
2, 4.50, 100.000000
2, 4.40, 100.000000
2, 4.39, 100.000000
2, 4.35, 1100.000000
2, 4.23, 100.000000
2, 3.50, 100.000000
2, 3.02, 200.000000
@, 4.81, 4.99
1, 12.99, 100.000000
1, 12.00, 100.000000
1, 10.00, 100.000000
1, 7.30, 100.000000
1, 7.00, 700.000000
1, 6.94, 500.000000
1, 6.65, 100.000000
1, 6.63, 700.000000
1, 6.00, 500.000000
1, 5.64, 500.000000
1, 5.62, 100.000000
1, 5.57, 400.000000
1, 5.20, 200.000000
1, 5.15, 400.000000
1, 5.00, 1200.000000
1, 4.99, 100.000000
2, 4.81, 100.000000
2, 4.80, 300.000000
2, 4.71, 100.000000
2, 4.50, 100.000000
2, 4.40, 100.000000
2, 4.39, 100.000000
2, 4.35, 1100.000000
2, 4.23, 100.000000
2, 3.50, 100.000000
2, 3.02, 200.000000
@, 4.81, 4.99
1, 12.99, 100.000000
1, 12.00, 100.000000
1, 10.00, 100.000000
1, 7.30, 100.000000
1, 7.00, 700.000000
1, 6.94, 500.000000
1, 6.65, 100.000000
1, 6.63, 700.000000
1, 6.00, 500.000000
1, 5.64, 500.000000
1, 5.62, 100.000000
1, 5.57, 400.000000
1, 5.20, 200.000000
1, 5.15, 400.000000
1, 5.00, 1200.000000
1, 4.99, 100.000000
2, 4.81, 100.000000
2, 4.80, 300.000000
2, 4.71, 100.000000
2, 4.50, 100.000000
2, 4.40, 100.000000
2, 4.39, 100.000000
2, 4.35, 1100.000000
2, 4.23, 100.000000
2, 3.50, 100.000000
2, 3.02, 200.000000
@