, 16.53, 16.55
1, 16.70, 2000.000000
1, 16.69, 700.000000
1, 16.68, 2000.000000
1, 16.67, 1900.000000
1, 16.66, 22000.000000
1, 16.65, 18300.000000
1, 16.64, 2100.000000
1, 16.63, 8000.000000
1, 16.62, 2200.000000
1, 16.61, 600.000000
1, 16.60, 3100.000000
1, 16.59, 600.000000
1, 16.58, 2000.000000
1, 16.57, 200.000000
1, 16.56, 2300.000000
1, 16.55, 1600.000000
2, 16.53, 800.000000
2, 16.52, 1600.000000
2, 16.51, 1500.000000
2, 16.50, 2400.000000
2, 16.49, 600.000000
2, 16.48, 2400.000000
2, 16.47, 1800.000000
2, 16.46, 1900.000000
2, 16.45, 1700.000000
2, 16.44, 2000.000000
2, 16.43, 10800.000000
2, 16.42, 15900.000000
2, 16.41, 7800.000000
2, 16.40, 3400.000000
2, 16.39, 7400.000000
@, 16.53, 16.55
1, 16.70, 2000.000000
1, 16.69, 700.000000
1, 16.68, 2000.000000
1, 16.67, 1900.000000
1, 16.66, 22000.000000
1, 16.65, 18300.000000
1, 16.64, 2100.000000
1, 16.63, 8000.000000
1, 16.62, 2200.000000
1, 16.61, 600.000000
1, 16.60, 3100.000000
1, 16.59, 600.000000
1, 16.58, 2000.000000
1, 16.57, 200.000000
1, 16.56, 2300.000000
1, 16.55, 1600.000000
2, 16.53, 800.000000
2, 16.52, 1600.000000
2, 16.51, 1500.000000
2, 16.50, 2400.000000
2, 16.49, 600.000000
2, 16.48, 2400.000000
2, 16.47, 1800.000000
2, 16.46, 1900.000000
2, 16.45, 1700.000000
2, 16.44, 2000.000000
2, 16.43, 10800.000000
2, 16.42, 15900.000000
2, 16.41, 7800.000000
2, 16.40, 3400.000000
2, 16.39, 7400.000000
@, 16.53, 16.55
1, 16.70, 2000.000000
1, 16.69, 700.000000
1, 16.68, 2000.000000
1, 16.67, 1900.000000
1, 16.66, 22000.000000
1, 16.65, 18300.000000
1, 16.64, 2100.000000
1, 16.63, 8000.000000
1, 16.62, 2200.000000
1, 16.61, 600.000000
1, 16.60, 3100.000000
1, 16.59, 600.000000
1, 16.58, 2000.000000
1, 16.57, 200.000000
1, 16.56, 2300.000000
1, 16.55, 1600.000000
2, 16.53, 800.000000
2, 16.52, 1600.000000
2, 16.51, 1500.000000
2, 16.50, 2400.000000
2, 16.49, 600.000000
2, 16.48, 2400.000000
2, 16.47, 1800.000000
2, 16.46, 1900.000000
2, 16.45, 1700.000000
2, 16.44, 2000.000000
2, 16.43, 10800.000000
2, 16.42, 15900.000000
2, 16.41, 7800.000000
2, 16.40, 3400.000000
2, 16.39, 7400.000000
@, 16.53, 16.55
1, 16.70, 2000.000000
1, 16.69, 700.000000
1, 16.68, 2000.000000
1, 16.67, 1900.000000
1, 16.66, 22000.000000
1, 16.65, 18300.000000
1, 16.64, 2100.000000
1, 16.63, 8000.000000
1, 16.62, 2200.000000
1, 16.61, 600.000000
1, 16.60, 3100.000000
1, 16.59, 600.000000
1, 16.58, 2000.000000
1, 16.57, 200.000000
1, 16.56, 2300.000000
1, 16.55, 1600.000000
2, 16.53, 800.000000
2, 16.52, 1600.000000
2, 16.51, 1500.000000
2, 16.50, 2400.000000
2, 16.49, 600.000000
2, 16.48, 2400.000000
2, 16.47, 1800.000000
2, 16.46, 1900.000000
2, 16.45, 1700.000000
2, 16.44, 2000.000000
2, 16.43, 10800.000000
2, 16.42, 15900.000000
2, 16.41, 7800.000000
2, 16.40, 3400.000000
2, 16.39, 7400.000000
@, 16.53, 16.55
1, 16.70, 2000.000000
1, 16.69, 700.000000
1, 16.68, 2000.000000
1, 16.67, 1900.000000
1, 16.66, 22000.000000
1, 16.65, 18300.000000
1, 16.64, 2100.000000
1, 16.63, 8000.000000
1, 16.62, 2200.000000
1, 16.61, 600.000000
1, 16.60, 3100.000000
1, 16.59, 600.000000
1, 16.58, 2000.000000
1, 16.57, 200.000000
1, 16.56, 2300.000000
1, 16.55, 1600.000000
2, 16.53, 800.000000
2, 16.52, 1600.000000
2, 16.51, 1500.000000
2, 16.50, 2400.000000
2, 16.49, 600.000000
2, 16.48, 2400.000000
2, 16.47, 1800.000000
2, 16.46, 1900.000000
2, 16.45, 1700.000000
2, 16.44, 2000.000000
2, 16.43, 10800.000000
2, 16.42, 15900.000000
2, 16.41, 7800.000000
2, 16.40, 3400.000000
2, 16.39, 7400.000000
@, 16.53, 16.55
1, 16.70, 2000.000000
1, 16.69, 700.000000
1, 16.68, 2000.000000
1, 16.67, 1900.000000
1, 16.66, 22000.000000
1, 16.65, 18300.000000
1, 16.64, 2100.000000
1, 16.63, 8000.000000
1, 16.62, 2200.000000
1, 16.61, 600.000000
1, 16.60, 3100.000000
1, 16.59, 600.000000
1, 16.58, 2000.000000
1, 16.57, 200.000000
1, 16.56, 2300.000000
1, 16.55, 1600.000000
2, 16.53, 800.000000
2, 16.52, 1600.000000
2, 16.51, 1500.000000
2, 16.50, 2400.000000
2, 16.49, 600.000000
2, 16.48, 2400.000000
2, 16.47, 1800.000000
2, 16.46, 1900.000000
2, 16.45, 1700.000000
2, 16.44, 2000.000000
2, 16.43, 10800.000000
2, 16.42, 15900.000000
2, 16.41, 7800.000000
2, 16.40, 3400.000000
2, 16.39, 7400.000000
@, 16.53, 16.55
1, 16.70, 2000.000000
1, 16.69, 700.000000
1, 16.68, 2000.000000
1, 16.67, 1900.000000
1, 16.66, 22000.000000
1, 16.65, 18300.000000
1, 16.64, 2100.000000
1, 16.63, 8000.000000
1, 16.62, 2200.000000
1, 16.61, 600.000000
1, 16.60, 3100.000000
1, 16.59, 600.000000
1, 16.58, 2000.000000
1, 16.57, 200.000000
1, 16.56, 2300.000000
1, 16.55, 1600.000000
2, 16.53, 800.000000
2, 16.52, 1600.000000
2, 16.51, 1500.000000
2, 16.50, 2400.000000
2, 16.49, 600.000000
2, 16.48, 2400.000000
2, 16.47, 1800.000000
2, 16.46, 1900.000000
2, 16.45, 1700.000000
2, 16.44, 2000.000000
2, 16.43, 10800.000000
2, 16.42, 15900.000000
2, 16.41, 7800.000000
2, 16.40, 3400.000000
2, 16.39, 7400.000000
@, 16.53, 16.55
1, 16.70, 2000.000000
1, 16.69, 700.000000
1, 16.68, 2000.000000
1, 16.67, 1900.000000
1, 16.66, 22000.000000
1, 16.65, 18300.000000
1, 16.64, 2100.000000
1, 16.63, 8000.000000
1, 16.62, 2200.000000
1, 16.61, 600.000000
1, 16.60, 3100.000000
1, 16.59, 600.000000
1, 16.58, 2000.000000
1, 16.57, 200.000000
1, 16.56, 2300.000000
1, 16.55, 1600.000000
2, 16.53, 800.000000
2, 16.52, 1600.000000
2, 16.51, 1500.000000
2, 16.50, 2400.000000
2, 16.49, 600.000000
2, 16.48, 2400.000000
2, 16.47, 1800.000000
2, 16.46, 1900.000000
2, 16.45, 1700.000000
2, 16.44, 2000.000000
2, 16.43, 10800.000000
2, 16.42, 15900.000000
2, 16.41, 7800.000000
2, 16.40, 3400.000000
2, 16.39, 7400.000000
@, 16.53, 16.55
1, 16.70, 2000.000000
1, 16.69, 700.000000
1, 16.68, 2000.000000
1, 16.67, 1900.000000
1, 16.66, 22000.000000
1, 16.65, 18300.000000
1, 16.64, 2100.000000
1, 16.63, 8000.000000
1, 16.62, 2200.000000
1, 16.61, 600.000000
1, 16.60, 3100.000000
1, 16.59, 600.000000
1, 16.58, 2000.000000
1, 16.57, 200.000000
1, 16.56, 2300.000000
1, 16.55, 1400.000000
2, 16.53, 800.000000
2, 16.52, 1600.000000
2, 16.51, 1500.000000
2, 16.50, 2400.000000
2, 16.49, 600.000000
2, 16.48, 2400.000000
2, 16.47, 1800.000000
2, 16.46, 1900.000000
2, 16.45, 1700.000000
2, 16.44, 2000.000000
2, 16.43, 10800.000000
2, 16.42, 15900.000000
2, 16.41, 7800.000000
2, 16.40, 3400.000000
2, 16.39, 7400.000000
@, 16.53, 16.55
1, 16.70, 2000.000000
1, 16.69, 700.000000
1, 16.68, 2000.000000
1, 16.67, 1900.000000
1, 16.66, 22000.000000
1, 16.65, 18300.000000
1, 16.64, 2100.000000
1, 16.63, 8000.000000
1, 16.62, 2200.000000
1, 16.61, 600.000000
1, 16.60, 3100.000000
1, 16.59, 600.000000
1, 16.58, 2000.000000
1, 16.57, 200.000000
1, 16.56, 2300.000000
1, 16.55, 1400.000000
2, 16.53, 800.000000
2, 16.52, 1600.000000
2, 16.51, 1500.000000
2, 16.50, 2400.000000
2, 16.49, 600.000000
2, 16.48, 2400.000000
2, 16.47, 1800.000000
2, 16.46, 1900.000000
2, 16.45, 1700.000000
2, 16.44, 2000.000000
2, 16.43, 10800.000000
2, 16.42, 15900.000000
2, 16.41, 7800.000000
2, 16.40, 3400.000000
2, 16.39, 7400.000000
@