, 42.73, 42.80
1, 45.05, 100.000000
1, 45.00, 400.000000
1, 44.80, 2000.000000
1, 44.50, 200.000000
1, 44.44, 1000.000000
1, 44.43, 400.000000
1, 44.06, 100.000000
1, 43.90, 900.000000
1, 43.30, 100.000000
1, 43.15, 100.000000
1, 43.00, 1000.000000
1, 42.95, 1600.000000
1, 42.94, 100.000000
1, 42.89, 1300.000000
1, 42.81, 100.000000
1, 42.80, 200.000000
2, 42.73, 100.000000
2, 42.67, 400.000000
2, 42.66, 400.000000
2, 42.31, 200.000000
2, 42.30, 200.000000
2, 42.23, 400.000000
2, 42.22, 100.000000
2, 42.01, 1600.000000
2, 42.00, 800.000000
2, 41.96, 100.000000
2, 41.95, 100.000000
2, 41.93, 200.000000
2, 41.92, 600.000000
2, 41.91, 100.000000
2, 41.89, 100.000000
@, 42.73, 42.80
1, 45.05, 100.000000
1, 45.00, 400.000000
1, 44.80, 2000.000000
1, 44.50, 200.000000
1, 44.44, 1000.000000
1, 44.43, 400.000000
1, 44.06, 100.000000
1, 43.90, 900.000000
1, 43.30, 100.000000
1, 43.15, 100.000000
1, 43.00, 1000.000000
1, 42.95, 1600.000000
1, 42.94, 100.000000
1, 42.89, 1300.000000
1, 42.81, 100.000000
1, 42.80, 200.000000
2, 42.73, 100.000000
2, 42.67, 400.000000
2, 42.66, 400.000000
2, 42.31, 200.000000
2, 42.30, 200.000000
2, 42.23, 400.000000
2, 42.22, 100.000000
2, 42.01, 1600.000000
2, 42.00, 800.000000
2, 41.96, 100.000000
2, 41.95, 100.000000
2, 41.93, 200.000000
2, 41.92, 600.000000
2, 41.91, 100.000000
2, 41.89, 100.000000
@, 42.73, 42.80
1, 45.05, 100.000000
1, 45.00, 400.000000
1, 44.80, 2000.000000
1, 44.50, 200.000000
1, 44.44, 1000.000000
1, 44.43, 400.000000
1, 44.06, 100.000000
1, 43.90, 900.000000
1, 43.30, 100.000000
1, 43.15, 100.000000
1, 43.00, 1000.000000
1, 42.95, 1600.000000
1, 42.94, 100.000000
1, 42.89, 1300.000000
1, 42.81, 100.000000
1, 42.80, 200.000000
2, 42.73, 100.000000
2, 42.67, 400.000000
2, 42.66, 400.000000
2, 42.31, 200.000000
2, 42.30, 200.000000
2, 42.23, 400.000000
2, 42.22, 100.000000
2, 42.01, 1600.000000
2, 42.00, 800.000000
2, 41.96, 100.000000
2, 41.95, 100.000000
2, 41.93, 200.000000
2, 41.92, 600.000000
2, 41.91, 100.000000
2, 41.89, 100.000000
@, 42.73, 42.80
1, 45.05, 100.000000
1, 45.00, 400.000000
1, 44.80, 2000.000000
1, 44.50, 200.000000
1, 44.44, 1000.000000
1, 44.43, 400.000000
1, 44.06, 100.000000
1, 43.90, 900.000000
1, 43.30, 100.000000
1, 43.15, 100.000000
1, 43.00, 1000.000000
1, 42.95, 1600.000000
1, 42.94, 100.000000
1, 42.89, 1300.000000
1, 42.81, 100.000000
1, 42.80, 200.000000
2, 42.73, 100.000000
2, 42.67, 400.000000
2, 42.66, 400.000000
2, 42.31, 200.000000
2, 42.30, 200.000000
2, 42.23, 400.000000
2, 42.22, 100.000000
2, 42.01, 1600.000000
2, 42.00, 800.000000
2, 41.96, 100.000000
2, 41.95, 100.000000
2, 41.93, 200.000000
2, 41.92, 600.000000
2, 41.91, 100.000000
2, 41.89, 100.000000
@, 42.73, 42.80
1, 45.05, 100.000000
1, 45.00, 400.000000
1, 44.80, 2000.000000
1, 44.50, 200.000000
1, 44.44, 1000.000000
1, 44.43, 400.000000
1, 44.06, 100.000000
1, 43.90, 900.000000
1, 43.30, 100.000000
1, 43.15, 100.000000
1, 43.00, 1000.000000
1, 42.95, 1600.000000
1, 42.94, 100.000000
1, 42.89, 1300.000000
1, 42.81, 100.000000
1, 42.80, 200.000000
2, 42.73, 100.000000
2, 42.67, 400.000000
2, 42.66, 400.000000
2, 42.31, 200.000000
2, 42.30, 200.000000
2, 42.23, 400.000000
2, 42.22, 100.000000
2, 42.01, 1600.000000
2, 42.00, 800.000000
2, 41.96, 100.000000
2, 41.95, 100.000000
2, 41.93, 200.000000
2, 41.92, 600.000000
2, 41.91, 100.000000
2, 41.89, 100.000000
@, 42.73, 42.80
1, 45.05, 100.000000
1, 45.00, 400.000000
1, 44.80, 2000.000000
1, 44.50, 200.000000
1, 44.44, 1000.000000
1, 44.43, 400.000000
1, 44.06, 100.000000
1, 43.90, 900.000000
1, 43.30, 100.000000
1, 43.15, 100.000000
1, 43.00, 1000.000000
1, 42.95, 1600.000000
1, 42.94, 100.000000
1, 42.89, 1300.000000
1, 42.81, 100.000000
1, 42.80, 200.000000
2, 42.73, 100.000000
2, 42.67, 400.000000
2, 42.66, 400.000000
2, 42.31, 200.000000
2, 42.30, 200.000000
2, 42.23, 400.000000
2, 42.22, 100.000000
2, 42.01, 1600.000000
2, 42.00, 800.000000
2, 41.96, 100.000000
2, 41.95, 100.000000
2, 41.93, 200.000000
2, 41.92, 600.000000
2, 41.91, 100.000000
2, 41.89, 100.000000
@, 42.73, 42.80
1, 45.05, 100.000000
1, 45.00, 400.000000
1, 44.80, 2000.000000
1, 44.50, 200.000000
1, 44.44, 1000.000000
1, 44.43, 400.000000
1, 44.06, 100.000000
1, 43.90, 900.000000
1, 43.30, 100.000000
1, 43.15, 100.000000
1, 43.00, 1000.000000
1, 42.95, 1600.000000
1, 42.94, 100.000000
1, 42.89, 1300.000000
1, 42.81, 100.000000
1, 42.80, 200.000000
2, 42.73, 100.000000
2, 42.67, 400.000000
2, 42.66, 400.000000
2, 42.31, 200.000000
2, 42.30, 200.000000
2, 42.23, 400.000000
2, 42.22, 100.000000
2, 42.01, 1600.000000
2, 42.00, 800.000000
2, 41.96, 100.000000
2, 41.95, 100.000000
2, 41.93, 200.000000
2, 41.92, 600.000000
2, 41.91, 100.000000
2, 41.89, 100.000000
@, 42.73, 42.80
1, 45.05, 100.000000
1, 45.00, 400.000000
1, 44.80, 2000.000000
1, 44.50, 200.000000
1, 44.44, 1000.000000
1, 44.43, 400.000000
1, 44.06, 100.000000
1, 43.90, 900.000000
1, 43.30, 100.000000
1, 43.15, 100.000000
1, 43.00, 1000.000000
1, 42.95, 1600.000000
1, 42.94, 100.000000
1, 42.89, 1300.000000
1, 42.81, 100.000000
1, 42.80, 200.000000
2, 42.73, 100.000000
2, 42.67, 400.000000
2, 42.66, 400.000000
2, 42.31, 200.000000
2, 42.30, 200.000000
2, 42.23, 400.000000
2, 42.22, 100.000000
2, 42.01, 1600.000000
2, 42.00, 800.000000
2, 41.96, 100.000000
2, 41.95, 100.000000
2, 41.93, 200.000000
2, 41.92, 600.000000
2, 41.91, 100.000000
2, 41.89, 100.000000
@, 42.73, 42.80
1, 45.05, 100.000000
1, 45.00, 400.000000
1, 44.80, 2000.000000
1, 44.50, 200.000000
1, 44.44, 1000.000000
1, 44.43, 400.000000
1, 44.06, 100.000000
1, 43.90, 900.000000
1, 43.30, 100.000000
1, 43.15, 100.000000
1, 43.00, 1000.000000
1, 42.95, 1600.000000
1, 42.94, 100.000000
1, 42.89, 1300.000000
1, 42.81, 100.000000
1, 42.80, 200.000000
2, 42.73, 100.000000
2, 42.67, 400.000000
2, 42.66, 400.000000
2, 42.31, 200.000000
2, 42.30, 200.000000
2, 42.23, 400.000000
2, 42.22, 100.000000
2, 42.01, 1600.000000
2, 42.00, 800.000000
2, 41.96, 100.000000
2, 41.95, 100.000000
2, 41.93, 200.000000
2, 41.92, 600.000000
2, 41.91, 100.000000
2, 41.89, 100.000000
@, 42.73, 42.80
1, 45.05, 100.000000
1, 45.00, 400.000000
1, 44.80, 2000.000000
1, 44.50, 200.000000
1, 44.44, 1000.000000
1, 44.43, 400.000000
1, 44.06, 100.000000
1, 43.90, 900.000000
1, 43.30, 100.000000
1, 43.15, 100.000000
1, 43.00, 1000.000000
1, 42.95, 1600.000000
1, 42.94, 100.000000
1, 42.89, 1300.000000
1, 42.81, 100.000000
1, 42.80, 200.000000
2, 42.73, 100.000000
2, 42.67, 400.000000
2, 42.66, 400.000000
2, 42.31, 200.000000
2, 42.30, 200.000000
2, 42.23, 400.000000
2, 42.22, 100.000000
2, 42.01, 1600.000000
2, 42.00, 800.000000
2, 41.96, 100.000000
2, 41.95, 100.000000
2, 41.93, 200.000000
2, 41.92, 600.000000
2, 41.91, 100.000000
2, 41.89, 100.000000
@