, 4.56, 4.65
1, 5.05, 800.000000
1, 5.04, 1100.000000
1, 5.03, 1000.000000
1, 5.00, 600.000000
1, 4.99, 1000.000000
1, 4.98, 1300.000000
1, 4.95, 400.000000
1, 4.93, 700.000000
1, 4.85, 700.000000
1, 4.80, 300.000000
1, 4.74, 300.000000
1, 4.73, 100.000000
1, 4.70, 300.000000
1, 4.69, 100.000000
1, 4.66, 100.000000
1, 4.65, 100.000000
2, 4.56, 400.000000
2, 4.55, 100.000000
2, 4.54, 600.000000
2, 4.52, 200.000000
2, 4.51, 1000.000000
2, 4.50, 2200.000000
2, 4.45, 600.000000
2, 4.43, 100.000000
2, 4.42, 1000.000000
2, 4.40, 1500.000000
2, 4.33, 800.000000
2, 4.30, 1400.000000
2, 4.25, 800.000000
2, 4.20, 1300.000000
2, 4.13, 500.000000
@, 4.56, 4.65
1, 5.05, 800.000000
1, 5.04, 1100.000000
1, 5.03, 1000.000000
1, 5.00, 600.000000
1, 4.99, 1000.000000
1, 4.98, 1300.000000
1, 4.95, 400.000000
1, 4.93, 700.000000
1, 4.85, 700.000000
1, 4.80, 300.000000
1, 4.74, 300.000000
1, 4.73, 100.000000
1, 4.70, 300.000000
1, 4.69, 100.000000
1, 4.66, 100.000000
1, 4.65, 100.000000
2, 4.56, 400.000000
2, 4.55, 100.000000
2, 4.54, 600.000000
2, 4.52, 200.000000
2, 4.51, 1000.000000
2, 4.50, 2200.000000
2, 4.45, 600.000000
2, 4.43, 100.000000
2, 4.42, 1000.000000
2, 4.40, 1500.000000
2, 4.33, 800.000000
2, 4.30, 1400.000000
2, 4.25, 800.000000
2, 4.20, 1300.000000
2, 4.13, 500.000000
@, 4.56, 4.65
1, 5.05, 800.000000
1, 5.04, 1100.000000
1, 5.03, 1000.000000
1, 5.00, 600.000000
1, 4.99, 1000.000000
1, 4.98, 1300.000000
1, 4.95, 400.000000
1, 4.93, 700.000000
1, 4.85, 700.000000
1, 4.80, 300.000000
1, 4.74, 300.000000
1, 4.73, 100.000000
1, 4.70, 300.000000
1, 4.69, 100.000000
1, 4.66, 100.000000
1, 4.65, 100.000000
2, 4.56, 400.000000
2, 4.55, 100.000000
2, 4.54, 600.000000
2, 4.52, 200.000000
2, 4.51, 1000.000000
2, 4.50, 2200.000000
2, 4.45, 600.000000
2, 4.43, 100.000000
2, 4.42, 1000.000000
2, 4.40, 1500.000000
2, 4.33, 800.000000
2, 4.30, 1400.000000
2, 4.25, 800.000000
2, 4.20, 1300.000000
2, 4.13, 500.000000
@, 4.56, 4.65
1, 5.05, 800.000000
1, 5.04, 1100.000000
1, 5.03, 1000.000000
1, 5.00, 600.000000
1, 4.99, 1000.000000
1, 4.98, 1300.000000
1, 4.95, 400.000000
1, 4.93, 700.000000
1, 4.85, 700.000000
1, 4.80, 300.000000
1, 4.74, 300.000000
1, 4.73, 100.000000
1, 4.70, 300.000000
1, 4.69, 100.000000
1, 4.66, 100.000000
1, 4.65, 100.000000
2, 4.56, 400.000000
2, 4.55, 100.000000
2, 4.54, 600.000000
2, 4.52, 200.000000
2, 4.51, 1000.000000
2, 4.50, 2200.000000
2, 4.45, 600.000000
2, 4.43, 100.000000
2, 4.42, 1000.000000
2, 4.40, 1500.000000
2, 4.33, 800.000000
2, 4.30, 1400.000000
2, 4.25, 800.000000
2, 4.20, 1300.000000
2, 4.13, 500.000000
@, 4.56, 4.65
1, 5.05, 800.000000
1, 5.04, 1100.000000
1, 5.03, 1000.000000
1, 5.00, 600.000000
1, 4.99, 1000.000000
1, 4.98, 1300.000000
1, 4.95, 400.000000
1, 4.93, 700.000000
1, 4.85, 700.000000
1, 4.80, 300.000000
1, 4.74, 300.000000
1, 4.73, 100.000000
1, 4.70, 300.000000
1, 4.69, 100.000000
1, 4.66, 100.000000
1, 4.65, 100.000000
2, 4.56, 400.000000
2, 4.55, 100.000000
2, 4.54, 600.000000
2, 4.52, 200.000000
2, 4.51, 1000.000000
2, 4.50, 2200.000000
2, 4.45, 600.000000
2, 4.43, 100.000000
2, 4.42, 1000.000000
2, 4.40, 1500.000000
2, 4.33, 800.000000
2, 4.30, 1400.000000
2, 4.25, 800.000000
2, 4.20, 1300.000000
2, 4.13, 500.000000
@, 4.56, 4.65
1, 5.05, 800.000000
1, 5.04, 1100.000000
1, 5.03, 1000.000000
1, 5.00, 600.000000
1, 4.99, 1000.000000
1, 4.98, 1300.000000
1, 4.95, 400.000000
1, 4.93, 700.000000
1, 4.85, 700.000000
1, 4.80, 300.000000
1, 4.74, 300.000000
1, 4.73, 100.000000
1, 4.70, 300.000000
1, 4.69, 100.000000
1, 4.66, 100.000000
1, 4.65, 100.000000
2, 4.56, 400.000000
2, 4.55, 100.000000
2, 4.54, 600.000000
2, 4.52, 200.000000
2, 4.51, 1000.000000
2, 4.50, 2200.000000
2, 4.45, 600.000000
2, 4.43, 100.000000
2, 4.42, 1000.000000
2, 4.40, 1500.000000
2, 4.33, 800.000000
2, 4.30, 1400.000000
2, 4.25, 800.000000
2, 4.20, 1300.000000
2, 4.13, 500.000000
@, 4.56, 4.65
1, 5.05, 800.000000
1, 5.04, 1100.000000
1, 5.03, 1000.000000
1, 5.00, 600.000000
1, 4.99, 1000.000000
1, 4.98, 1300.000000
1, 4.95, 400.000000
1, 4.93, 700.000000
1, 4.85, 700.000000
1, 4.80, 300.000000
1, 4.74, 300.000000
1, 4.73, 100.000000
1, 4.70, 300.000000
1, 4.69, 100.000000
1, 4.66, 100.000000
1, 4.65, 100.000000
2, 4.56, 400.000000
2, 4.55, 100.000000
2, 4.54, 600.000000
2, 4.52, 200.000000
2, 4.51, 1000.000000
2, 4.50, 2200.000000
2, 4.45, 600.000000
2, 4.43, 100.000000
2, 4.42, 1000.000000
2, 4.40, 1500.000000
2, 4.33, 800.000000
2, 4.30, 1400.000000
2, 4.25, 800.000000
2, 4.20, 1300.000000
2, 4.13, 500.000000
@, 4.56, 4.65
1, 5.05, 800.000000
1, 5.04, 1100.000000
1, 5.03, 1000.000000
1, 5.00, 600.000000
1, 4.99, 1000.000000
1, 4.98, 1300.000000
1, 4.95, 400.000000
1, 4.93, 700.000000
1, 4.85, 700.000000
1, 4.80, 300.000000
1, 4.74, 300.000000
1, 4.73, 100.000000
1, 4.70, 300.000000
1, 4.69, 100.000000
1, 4.66, 100.000000
1, 4.65, 100.000000
2, 4.56, 400.000000
2, 4.55, 100.000000
2, 4.54, 600.000000
2, 4.52, 200.000000
2, 4.51, 1000.000000
2, 4.50, 2200.000000
2, 4.45, 600.000000
2, 4.43, 100.000000
2, 4.42, 1000.000000
2, 4.40, 1500.000000
2, 4.33, 800.000000
2, 4.30, 1400.000000
2, 4.25, 800.000000
2, 4.20, 1300.000000
2, 4.13, 500.000000
@, 4.56, 4.65
1, 5.05, 800.000000
1, 5.04, 1100.000000
1, 5.03, 1000.000000
1, 5.00, 600.000000
1, 4.99, 1000.000000
1, 4.98, 1300.000000
1, 4.95, 400.000000
1, 4.93, 700.000000
1, 4.85, 700.000000
1, 4.80, 300.000000
1, 4.74, 300.000000
1, 4.73, 100.000000
1, 4.70, 300.000000
1, 4.69, 100.000000
1, 4.66, 100.000000
1, 4.65, 100.000000
2, 4.56, 400.000000
2, 4.55, 100.000000
2, 4.54, 600.000000
2, 4.52, 200.000000
2, 4.51, 1000.000000
2, 4.50, 2200.000000
2, 4.45, 600.000000
2, 4.43, 100.000000
2, 4.42, 1000.000000
2, 4.40, 1500.000000
2, 4.33, 800.000000
2, 4.30, 1400.000000
2, 4.25, 800.000000
2, 4.20, 1300.000000
2, 4.13, 500.000000
@, 4.56, 4.65
1, 5.05, 800.000000
1, 5.04, 1100.000000
1, 5.03, 1000.000000
1, 5.00, 600.000000
1, 4.99, 1000.000000
1, 4.98, 1300.000000
1, 4.95, 400.000000
1, 4.93, 700.000000
1, 4.85, 700.000000
1, 4.80, 300.000000
1, 4.74, 300.000000
1, 4.73, 100.000000
1, 4.70, 300.000000
1, 4.69, 100.000000
1, 4.66, 100.000000
1, 4.65, 100.000000
2, 4.56, 400.000000
2, 4.55, 100.000000
2, 4.54, 600.000000
2, 4.52, 200.000000
2, 4.51, 1000.000000
2, 4.50, 2200.000000
2, 4.45, 600.000000
2, 4.43, 100.000000
2, 4.42, 1000.000000
2, 4.40, 1500.000000
2, 4.33, 800.000000
2, 4.30, 1400.000000
2, 4.25, 800.000000
2, 4.20, 1300.000000
2, 4.13, 500.000000
@