, 32.64, 32.65
1, 32.81, 100.000000
1, 32.80, 900.000000
1, 32.79, 100.000000
1, 32.77, 200.000000
1, 32.76, 100.000000
1, 32.75, 200.000000
1, 32.74, 100.000000
1, 32.73, 700.000000
1, 32.72, 100.000000
1, 32.71, 100.000000
1, 32.70, 200.000000
1, 32.69, 200.000000
1, 32.68, 200.000000
1, 32.67, 500.000000
1, 32.66, 400.000000
1, 32.65, 300.000000
2, 32.64, 400.000000
2, 32.63, 100.000000
2, 32.62, 300.000000
2, 32.61, 200.000000
2, 32.60, 400.000000
2, 32.59, 200.000000
2, 32.58, 500.000000
2, 32.57, 400.000000
2, 32.56, 300.000000
2, 32.55, 1000.000000
2, 32.54, 300.000000
2, 32.53, 100.000000
2, 32.52, 300.000000
2, 32.51, 600.000000
2, 32.50, 1600.000000
@, 32.64, 32.65
1, 32.81, 100.000000
1, 32.80, 900.000000
1, 32.79, 100.000000
1, 32.77, 200.000000
1, 32.76, 100.000000
1, 32.75, 200.000000
1, 32.74, 100.000000
1, 32.73, 700.000000
1, 32.72, 100.000000
1, 32.71, 100.000000
1, 32.70, 200.000000
1, 32.69, 200.000000
1, 32.68, 200.000000
1, 32.67, 500.000000
1, 32.66, 400.000000
1, 32.65, 300.000000
2, 32.64, 500.000000
2, 32.63, 200.000000
2, 32.62, 300.000000
2, 32.61, 200.000000
2, 32.60, 400.000000
2, 32.59, 200.000000
2, 32.58, 500.000000
2, 32.57, 400.000000
2, 32.56, 300.000000
2, 32.55, 1000.000000
2, 32.54, 300.000000
2, 32.53, 100.000000
2, 32.52, 300.000000
2, 32.51, 600.000000
2, 32.50, 1600.000000
@, 32.64, 32.65
1, 32.81, 100.000000
1, 32.80, 900.000000
1, 32.79, 100.000000
1, 32.77, 200.000000
1, 32.76, 100.000000
1, 32.75, 200.000000
1, 32.74, 100.000000
1, 32.73, 700.000000
1, 32.72, 100.000000
1, 32.71, 100.000000
1, 32.70, 200.000000
1, 32.69, 200.000000
1, 32.68, 200.000000
1, 32.67, 500.000000
1, 32.66, 400.000000
1, 32.65, 300.000000
2, 32.64, 500.000000
2, 32.63, 200.000000
2, 32.62, 300.000000
2, 32.61, 200.000000
2, 32.60, 400.000000
2, 32.59, 200.000000
2, 32.58, 500.000000
2, 32.57, 400.000000
2, 32.56, 300.000000
2, 32.55, 1000.000000
2, 32.54, 300.000000
2, 32.53, 100.000000
2, 32.52, 300.000000
2, 32.51, 600.000000
2, 32.50, 1600.000000
@, 32.64, 32.65
1, 32.81, 100.000000
1, 32.80, 900.000000
1, 32.79, 100.000000
1, 32.77, 200.000000
1, 32.76, 100.000000
1, 32.75, 200.000000
1, 32.74, 100.000000
1, 32.73, 700.000000
1, 32.72, 100.000000
1, 32.71, 100.000000
1, 32.70, 200.000000
1, 32.69, 200.000000
1, 32.68, 200.000000
1, 32.67, 500.000000
1, 32.66, 400.000000
1, 32.65, 300.000000
2, 32.64, 500.000000
2, 32.63, 200.000000
2, 32.62, 300.000000
2, 32.61, 200.000000
2, 32.60, 400.000000
2, 32.59, 200.000000
2, 32.58, 500.000000
2, 32.57, 400.000000
2, 32.56, 300.000000
2, 32.55, 1000.000000
2, 32.54, 300.000000
2, 32.53, 100.000000
2, 32.52, 300.000000
2, 32.51, 600.000000
2, 32.50, 1600.000000
@, 32.64, 32.65
1, 32.81, 100.000000
1, 32.80, 900.000000
1, 32.79, 100.000000
1, 32.77, 200.000000
1, 32.76, 100.000000
1, 32.75, 200.000000
1, 32.74, 100.000000
1, 32.73, 700.000000
1, 32.72, 100.000000
1, 32.71, 100.000000
1, 32.70, 200.000000
1, 32.69, 200.000000
1, 32.68, 200.000000
1, 32.67, 500.000000
1, 32.66, 400.000000
1, 32.65, 300.000000
2, 32.64, 500.000000
2, 32.63, 200.000000
2, 32.62, 300.000000
2, 32.61, 200.000000
2, 32.60, 400.000000
2, 32.59, 200.000000
2, 32.58, 500.000000
2, 32.57, 400.000000
2, 32.56, 300.000000
2, 32.55, 1000.000000
2, 32.54, 300.000000
2, 32.53, 100.000000
2, 32.52, 300.000000
2, 32.51, 600.000000
2, 32.50, 1600.000000
@, 32.64, 32.65
1, 32.81, 100.000000
1, 32.80, 900.000000
1, 32.79, 100.000000
1, 32.77, 200.000000
1, 32.76, 100.000000
1, 32.75, 200.000000
1, 32.74, 100.000000
1, 32.73, 700.000000
1, 32.72, 100.000000
1, 32.71, 100.000000
1, 32.70, 200.000000
1, 32.69, 200.000000
1, 32.68, 200.000000
1, 32.67, 500.000000
1, 32.66, 400.000000
1, 32.65, 300.000000
2, 32.64, 500.000000
2, 32.63, 200.000000
2, 32.62, 500.000000
2, 32.61, 200.000000
2, 32.60, 400.000000
2, 32.59, 200.000000
2, 32.58, 500.000000
2, 32.57, 400.000000
2, 32.56, 300.000000
2, 32.55, 1000.000000
2, 32.54, 300.000000
2, 32.53, 100.000000
2, 32.52, 300.000000
2, 32.51, 600.000000
2, 32.50, 1600.000000
@, 32.64, 32.65
1, 32.81, 100.000000
1, 32.80, 900.000000
1, 32.79, 100.000000
1, 32.77, 200.000000
1, 32.76, 100.000000
1, 32.75, 200.000000
1, 32.74, 100.000000
1, 32.73, 700.000000
1, 32.72, 100.000000
1, 32.71, 100.000000
1, 32.70, 200.000000
1, 32.69, 200.000000
1, 32.68, 200.000000
1, 32.67, 500.000000
1, 32.66, 400.000000
1, 32.65, 300.000000
2, 32.64, 500.000000
2, 32.63, 200.000000
2, 32.62, 500.000000
2, 32.61, 200.000000
2, 32.60, 400.000000
2, 32.59, 200.000000
2, 32.58, 500.000000
2, 32.57, 400.000000
2, 32.56, 300.000000
2, 32.55, 1000.000000
2, 32.54, 300.000000
2, 32.53, 100.000000
2, 32.52, 300.000000
2, 32.51, 600.000000
2, 32.50, 1600.000000
@, 32.64, 32.65
1, 32.81, 100.000000
1, 32.80, 900.000000
1, 32.79, 100.000000
1, 32.77, 200.000000
1, 32.76, 100.000000
1, 32.75, 200.000000
1, 32.74, 100.000000
1, 32.73, 700.000000
1, 32.72, 100.000000
1, 32.71, 100.000000
1, 32.70, 200.000000
1, 32.69, 200.000000
1, 32.68, 200.000000
1, 32.67, 500.000000
1, 32.66, 400.000000
1, 32.65, 300.000000
2, 32.64, 500.000000
2, 32.63, 200.000000
2, 32.62, 500.000000
2, 32.61, 200.000000
2, 32.60, 400.000000
2, 32.59, 200.000000
2, 32.58, 500.000000
2, 32.57, 400.000000
2, 32.56, 300.000000
2, 32.55, 1000.000000
2, 32.54, 300.000000
2, 32.53, 100.000000
2, 32.52, 300.000000
2, 32.51, 600.000000
2, 32.50, 1600.000000
@, 32.64, 32.65
1, 32.81, 100.000000
1, 32.80, 900.000000
1, 32.79, 100.000000
1, 32.77, 200.000000
1, 32.76, 100.000000
1, 32.75, 200.000000
1, 32.74, 100.000000
1, 32.73, 700.000000
1, 32.72, 100.000000
1, 32.71, 100.000000
1, 32.70, 200.000000
1, 32.69, 200.000000
1, 32.68, 200.000000
1, 32.67, 500.000000
1, 32.66, 400.000000
1, 32.65, 300.000000
2, 32.64, 500.000000
2, 32.63, 200.000000
2, 32.62, 500.000000
2, 32.61, 200.000000
2, 32.60, 400.000000
2, 32.59, 200.000000
2, 32.58, 500.000000
2, 32.57, 400.000000
2, 32.56, 300.000000
2, 32.55, 1000.000000
2, 32.54, 300.000000
2, 32.53, 100.000000
2, 32.52, 300.000000
2, 32.51, 600.000000
2, 32.50, 1600.000000
@, 32.64, 32.65
1, 32.81, 100.000000
1, 32.80, 900.000000
1, 32.79, 100.000000
1, 32.77, 200.000000
1, 32.76, 100.000000
1, 32.75, 200.000000
1, 32.74, 100.000000
1, 32.73, 700.000000
1, 32.72, 100.000000
1, 32.71, 100.000000
1, 32.70, 200.000000
1, 32.69, 200.000000
1, 32.68, 200.000000
1, 32.67, 500.000000
1, 32.66, 400.000000
1, 32.65, 300.000000
2, 32.64, 500.000000
2, 32.63, 200.000000
2, 32.62, 500.000000
2, 32.61, 200.000000
2, 32.60, 400.000000
2, 32.59, 200.000000
2, 32.58, 500.000000
2, 32.57, 400.000000
2, 32.56, 300.000000
2, 32.55, 1000.000000
2, 32.54, 300.000000
2, 32.53, 100.000000
2, 32.52, 300.000000
2, 32.51, 600.000000
2, 32.50, 1600.000000
@