, 23.50, 25.00
1, 25.00, 200.000000
2, 23.50, 500.000000
2, 22.75, 600.000000
@, 23.50, 25.00
1, 25.00, 200.000000
2, 23.50, 500.000000
2, 22.75, 600.000000
@, 23.50, 25.00
1, 25.00, 200.000000
2, 23.50, 500.000000
2, 22.75, 600.000000
@, 23.50, 25.00
1, 25.00, 200.000000
2, 23.50, 500.000000
2, 22.75, 600.000000
@, 23.50, 25.00
1, 25.00, 200.000000
2, 23.50, 500.000000
2, 22.75, 600.000000
@, 23.50, 25.00
1, 25.00, 200.000000
2, 23.50, 500.000000
2, 22.75, 600.000000
@, 23.50, 25.00
1, 25.00, 200.000000
2, 23.50, 500.000000
2, 22.75, 600.000000
@, 23.50, 25.00
1, 25.00, 200.000000
2, 23.50, 500.000000
2, 22.75, 600.000000
@, 23.50, 25.00
1, 25.00, 200.000000
2, 23.50, 500.000000
2, 22.75, 600.000000
@, 23.50, 25.00
1, 25.00, 200.000000
2, 23.50, 500.000000
2, 22.75, 600.000000
@