, 26.10, 33.95
1, 33.95, 3100.000000
2, 26.10, 300.000000
2, 26.00, 100.000000
@, 26.10, 33.95
1, 33.95, 3100.000000
2, 26.10, 300.000000
2, 26.00, 100.000000
@, 26.10, 33.95
1, 33.95, 3100.000000
2, 26.10, 300.000000
2, 26.00, 100.000000
@, 26.10, 33.95
1, 33.95, 3100.000000
2, 26.10, 300.000000
2, 26.00, 100.000000
@, 26.10, 33.95
1, 33.95, 3100.000000
2, 26.10, 300.000000
2, 26.00, 100.000000
@, 26.10, 33.95
1, 33.95, 3100.000000
2, 26.10, 300.000000
2, 26.00, 100.000000
@, 26.10, 33.95
1, 33.95, 3100.000000
2, 26.10, 300.000000
2, 26.00, 100.000000
@, 26.10, 33.95
1, 33.95, 3100.000000
2, 26.10, 300.000000
2, 26.00, 100.000000
@, 26.10, 33.95
1, 33.95, 3100.000000
2, 26.10, 300.000000
2, 26.00, 100.000000
@, 26.10, 33.95
1, 33.95, 3100.000000
2, 26.10, 300.000000
2, 26.00, 100.000000
@