, 32.46, 32.47
1, 32.62, 11100.000000
1, 32.61, 6500.000000
1, 32.60, 23600.000000
1, 32.59, 12000.000000
1, 32.58, 7500.000000
1, 32.57, 7600.000000
1, 32.56, 15700.000000
1, 32.55, 22900.000000
1, 32.54, 20100.000000
1, 32.53, 22000.000000
1, 32.52, 15100.000000
1, 32.51, 8300.000000
1, 32.50, 121900.000000
1, 32.49, 9000.000000
1, 32.48, 7800.000000
1, 32.47, 1600.000000
2, 32.46, 13500.000000
2, 32.45, 9500.000000
2, 32.44, 7100.000000
2, 32.43, 14400.000000
2, 32.42, 13700.000000
2, 32.41, 17600.000000
2, 32.40, 24100.000000
2, 32.39, 19100.000000
2, 32.38, 20100.000000
2, 32.37, 18500.000000
2, 32.36, 12500.000000
2, 32.35, 27200.000000
2, 32.34, 16100.000000
2, 32.33, 11100.000000
2, 32.32, 12000.000000
@, 32.46, 32.47
1, 32.62, 11100.000000
1, 32.61, 6500.000000
1, 32.60, 23600.000000
1, 32.59, 12000.000000
1, 32.58, 7500.000000
1, 32.57, 7600.000000
1, 32.56, 15700.000000
1, 32.55, 22900.000000
1, 32.54, 20100.000000
1, 32.53, 22000.000000
1, 32.52, 15100.000000
1, 32.51, 14300.000000
1, 32.50, 127900.000000
1, 32.49, 15000.000000
1, 32.48, 7800.000000
1, 32.47, 1600.000000
2, 32.46, 13400.000000
2, 32.45, 9500.000000
2, 32.44, 7100.000000
2, 32.43, 14400.000000
2, 32.42, 13700.000000
2, 32.41, 18900.000000
2, 32.40, 24100.000000
2, 32.39, 19100.000000
2, 32.38, 20100.000000
2, 32.37, 18500.000000
2, 32.36, 18500.000000
2, 32.35, 27200.000000
2, 32.34, 16100.000000
2, 32.33, 11100.000000
2, 32.32, 12000.000000
@, 32.46, 32.47
1, 32.62, 11100.000000
1, 32.61, 6500.000000
1, 32.60, 23600.000000
1, 32.59, 12000.000000
1, 32.58, 7500.000000
1, 32.57, 7600.000000
1, 32.56, 15700.000000
1, 32.55, 22900.000000
1, 32.54, 20100.000000
1, 32.53, 22000.000000
1, 32.52, 15100.000000
1, 32.51, 14300.000000
1, 32.50, 127900.000000
1, 32.49, 15000.000000
1, 32.48, 7800.000000
1, 32.47, 1800.000000
2, 32.46, 13300.000000
2, 32.45, 9900.000000
2, 32.44, 13100.000000
2, 32.43, 14400.000000
2, 32.42, 13700.000000
2, 32.41, 18900.000000
2, 32.40, 24100.000000
2, 32.39, 19100.000000
2, 32.38, 20100.000000
2, 32.37, 18500.000000
2, 32.36, 12500.000000
2, 32.35, 27200.000000
2, 32.34, 16100.000000
2, 32.33, 11100.000000
2, 32.32, 12000.000000
@, 32.46, 32.47
1, 32.62, 11100.000000
1, 32.61, 6500.000000
1, 32.60, 23600.000000
1, 32.59, 12000.000000
1, 32.58, 7500.000000
1, 32.57, 7600.000000
1, 32.56, 15700.000000
1, 32.55, 22900.000000
1, 32.54, 20100.000000
1, 32.53, 22000.000000
1, 32.52, 15100.000000
1, 32.51, 14300.000000
1, 32.50, 127900.000000
1, 32.49, 15000.000000
1, 32.48, 7800.000000
1, 32.47, 1700.000000
2, 32.46, 13200.000000
2, 32.45, 9900.000000
2, 32.44, 13100.000000
2, 32.43, 14400.000000
2, 32.42, 13700.000000
2, 32.41, 18900.000000
2, 32.40, 24100.000000
2, 32.39, 19100.000000
2, 32.38, 20100.000000
2, 32.37, 18500.000000
2, 32.36, 12500.000000
2, 32.35, 27200.000000
2, 32.34, 16100.000000
2, 32.33, 11100.000000
2, 32.32, 12000.000000
@, 32.46, 32.47
1, 32.62, 11100.000000
1, 32.61, 6500.000000
1, 32.60, 23600.000000
1, 32.59, 12000.000000
1, 32.58, 7500.000000
1, 32.57, 7600.000000
1, 32.56, 15700.000000
1, 32.55, 22900.000000
1, 32.54, 20100.000000
1, 32.53, 22000.000000
1, 32.52, 15100.000000
1, 32.51, 14300.000000
1, 32.50, 127900.000000
1, 32.49, 15000.000000
1, 32.48, 7800.000000
1, 32.47, 1700.000000
2, 32.46, 13200.000000
2, 32.45, 9900.000000
2, 32.44, 13100.000000
2, 32.43, 14400.000000
2, 32.42, 13700.000000
2, 32.41, 18900.000000
2, 32.40, 24100.000000
2, 32.39, 19100.000000
2, 32.38, 20100.000000
2, 32.37, 18500.000000
2, 32.36, 12500.000000
2, 32.35, 27200.000000
2, 32.34, 16100.000000
2, 32.33, 11100.000000
2, 32.32, 12000.000000
@, 32.46, 32.47
1, 32.62, 11100.000000
1, 32.61, 6500.000000
1, 32.60, 23600.000000
1, 32.59, 12000.000000
1, 32.58, 7500.000000
1, 32.57, 7600.000000
1, 32.56, 15700.000000
1, 32.55, 22900.000000
1, 32.54, 15100.000000
1, 32.53, 22000.000000
1, 32.52, 20100.000000
1, 32.51, 14300.000000
1, 32.50, 127900.000000
1, 32.49, 15000.000000
1, 32.48, 7800.000000
1, 32.47, 1700.000000
2, 32.46, 13200.000000
2, 32.45, 9900.000000
2, 32.44, 13100.000000
2, 32.43, 14400.000000
2, 32.42, 13700.000000
2, 32.41, 18900.000000
2, 32.40, 24100.000000
2, 32.39, 19100.000000
2, 32.38, 20100.000000
2, 32.37, 18500.000000
2, 32.36, 12500.000000
2, 32.35, 27200.000000
2, 32.34, 16100.000000
2, 32.33, 11100.000000
2, 32.32, 12000.000000
@, 32.46, 32.47
1, 32.62, 11100.000000
1, 32.61, 6500.000000
1, 32.60, 23600.000000
1, 32.59, 12000.000000
1, 32.58, 7500.000000
1, 32.57, 7600.000000
1, 32.56, 15700.000000
1, 32.55, 22900.000000
1, 32.54, 15100.000000
1, 32.53, 22000.000000
1, 32.52, 20100.000000
1, 32.51, 14300.000000
1, 32.50, 127900.000000
1, 32.49, 15000.000000
1, 32.48, 7800.000000
1, 32.47, 1700.000000
2, 32.46, 13200.000000
2, 32.45, 9900.000000
2, 32.44, 13100.000000
2, 32.43, 14400.000000
2, 32.42, 13700.000000
2, 32.41, 18900.000000
2, 32.40, 24100.000000
2, 32.39, 19100.000000
2, 32.38, 20100.000000
2, 32.37, 18500.000000
2, 32.36, 12500.000000
2, 32.35, 27200.000000
2, 32.34, 16100.000000
2, 32.33, 11100.000000
2, 32.32, 12000.000000
@, 32.46, 32.47
1, 32.62, 11100.000000
1, 32.61, 6500.000000
1, 32.60, 23600.000000
1, 32.59, 12000.000000
1, 32.58, 7500.000000
1, 32.57, 7600.000000
1, 32.56, 15700.000000
1, 32.55, 22900.000000
1, 32.54, 15100.000000
1, 32.53, 22000.000000
1, 32.52, 20100.000000
1, 32.51, 14300.000000
1, 32.50, 127900.000000
1, 32.49, 15000.000000
1, 32.48, 7800.000000
1, 32.47, 1600.000000
2, 32.46, 13200.000000
2, 32.45, 9900.000000
2, 32.44, 13100.000000
2, 32.43, 14400.000000
2, 32.42, 13700.000000
2, 32.41, 18900.000000
2, 32.40, 24100.000000
2, 32.39, 19100.000000
2, 32.38, 20100.000000
2, 32.37, 18500.000000
2, 32.36, 12500.000000
2, 32.35, 27200.000000
2, 32.34, 16100.000000
2, 32.33, 11100.000000
2, 32.32, 12000.000000
@, 32.46, 32.47
1, 32.62, 11100.000000
1, 32.61, 6500.000000
1, 32.60, 23600.000000
1, 32.59, 12000.000000
1, 32.58, 7500.000000
1, 32.57, 7600.000000
1, 32.56, 15700.000000
1, 32.55, 22900.000000
1, 32.54, 15100.000000
1, 32.53, 22000.000000
1, 32.52, 20500.000000
1, 32.51, 14300.000000
1, 32.50, 127900.000000
1, 32.49, 15000.000000
1, 32.48, 7300.000000
1, 32.47, 1600.000000
2, 32.46, 13100.000000
2, 32.45, 9900.000000
2, 32.44, 13100.000000
2, 32.43, 14400.000000
2, 32.42, 13700.000000
2, 32.41, 18900.000000
2, 32.40, 24100.000000
2, 32.39, 19100.000000
2, 32.38, 20100.000000
2, 32.37, 18500.000000
2, 32.36, 12500.000000
2, 32.35, 27200.000000
2, 32.34, 16100.000000
2, 32.33, 11100.000000
2, 32.32, 12000.000000
@, 32.46, 32.47
1, 32.62, 11100.000000
1, 32.61, 6500.000000
1, 32.60, 23600.000000
1, 32.59, 12000.000000
1, 32.58, 7500.000000
1, 32.57, 7600.000000
1, 32.56, 15700.000000
1, 32.55, 22900.000000
1, 32.54, 15100.000000
1, 32.53, 22000.000000
1, 32.52, 20500.000000
1, 32.51, 14300.000000
1, 32.50, 127900.000000
1, 32.49, 15000.000000
1, 32.48, 7300.000000
1, 32.47, 1600.000000
2, 32.46, 16100.000000
2, 32.45, 6900.000000
2, 32.44, 13100.000000
2, 32.43, 14400.000000
2, 32.42, 13700.000000
2, 32.41, 18900.000000
2, 32.40, 24100.000000
2, 32.39, 19100.000000
2, 32.38, 20100.000000
2, 32.37, 18500.000000
2, 32.36, 12500.000000
2, 32.35, 27200.000000
2, 32.34, 16100.000000
2, 32.33, 11100.000000
2, 32.32, 12000.000000
@