, 30.21, 30.22
1, 30.37, 30600.000000
1, 30.36, 18800.000000
1, 30.35, 37800.000000
1, 30.34, 25700.000000
1, 30.33, 44000.000000
1, 30.32, 85200.000000
1, 30.31, 113600.000000
1, 30.30, 180300.000000
1, 30.29, 62200.000000
1, 30.28, 107700.000000
1, 30.27, 109800.000000
1, 30.26, 52400.000000
1, 30.25, 231200.000000
1, 30.24, 68000.000000
1, 30.23, 72200.000000
1, 30.22, 46100.000000
2, 30.21, 18400.000000
2, 30.20, 30700.000000
2, 30.19, 45500.000000
2, 30.18, 69300.000000
2, 30.17, 49900.000000
2, 30.16, 55200.000000
2, 30.15, 59600.000000
2, 30.14, 105500.000000
2, 30.13, 63000.000000
2, 30.12, 66900.000000
2, 30.11, 43700.000000
2, 30.10, 97700.000000
2, 30.09, 17700.000000
2, 30.08, 28800.000000
2, 30.07, 36700.000000
@, 30.21, 30.22
1, 30.37, 30600.000000
1, 30.36, 18800.000000
1, 30.35, 37800.000000
1, 30.34, 25700.000000
1, 30.33, 44000.000000
1, 30.32, 85200.000000
1, 30.31, 113600.000000
1, 30.30, 180300.000000
1, 30.29, 62200.000000
1, 30.28, 107900.000000
1, 30.27, 109800.000000
1, 30.26, 52400.000000
1, 30.25, 231200.000000
1, 30.24, 68000.000000
1, 30.23, 72200.000000
1, 30.22, 46000.000000
2, 30.21, 18100.000000
2, 30.20, 30700.000000
2, 30.19, 45500.000000
2, 30.18, 69300.000000
2, 30.17, 49900.000000
2, 30.16, 55200.000000
2, 30.15, 59600.000000
2, 30.14, 108500.000000
2, 30.13, 63000.000000
2, 30.12, 66900.000000
2, 30.11, 43700.000000
2, 30.10, 97700.000000
2, 30.09, 17700.000000
2, 30.08, 28800.000000
2, 30.07, 36700.000000
@, 30.21, 30.22
1, 30.37, 30600.000000
1, 30.36, 18800.000000
1, 30.35, 37800.000000
1, 30.34, 25700.000000
1, 30.33, 44000.000000
1, 30.32, 85200.000000
1, 30.31, 113600.000000
1, 30.30, 180300.000000
1, 30.29, 62200.000000
1, 30.28, 107300.000000
1, 30.27, 109800.000000
1, 30.26, 52900.000000
1, 30.25, 231200.000000
1, 30.24, 68000.000000
1, 30.23, 72200.000000
1, 30.22, 45600.000000
2, 30.21, 21100.000000
2, 30.20, 30700.000000
2, 30.19, 45500.000000
2, 30.18, 69300.000000
2, 30.17, 51100.000000
2, 30.16, 55200.000000
2, 30.15, 59600.000000
2, 30.14, 105500.000000
2, 30.13, 63000.000000
2, 30.12, 66900.000000
2, 30.11, 43700.000000
2, 30.10, 97700.000000
2, 30.09, 17700.000000
2, 30.08, 28800.000000
2, 30.07, 36700.000000
@, 30.21, 30.22
1, 30.37, 30600.000000
1, 30.36, 18800.000000
1, 30.35, 37800.000000
1, 30.34, 25700.000000
1, 30.33, 44000.000000
1, 30.32, 85200.000000
1, 30.31, 114000.000000
1, 30.30, 180300.000000
1, 30.29, 62200.000000
1, 30.28, 107300.000000
1, 30.27, 109800.000000
1, 30.26, 52900.000000
1, 30.25, 231200.000000
1, 30.24, 68000.000000
1, 30.23, 72200.000000
1, 30.22, 45600.000000
2, 30.21, 21000.000000
2, 30.20, 30700.000000
2, 30.19, 45500.000000
2, 30.18, 69300.000000
2, 30.17, 51200.000000
2, 30.16, 55100.000000
2, 30.15, 59400.000000
2, 30.14, 105500.000000
2, 30.13, 63000.000000
2, 30.12, 66900.000000
2, 30.11, 43700.000000
2, 30.10, 97700.000000
2, 30.09, 17700.000000
2, 30.08, 28800.000000
2, 30.07, 36700.000000
@, 30.21, 30.22
1, 30.37, 30600.000000
1, 30.36, 18800.000000
1, 30.35, 37800.000000
1, 30.34, 25700.000000
1, 30.33, 44000.000000
1, 30.32, 85200.000000
1, 30.31, 114000.000000
1, 30.30, 180300.000000
1, 30.29, 62200.000000
1, 30.28, 107300.000000
1, 30.27, 109800.000000
1, 30.26, 52900.000000
1, 30.25, 231200.000000
1, 30.24, 68000.000000
1, 30.23, 72200.000000
1, 30.22, 45600.000000
2, 30.21, 17500.000000
2, 30.20, 30700.000000
2, 30.19, 48400.000000
2, 30.18, 69300.000000
2, 30.17, 51200.000000
2, 30.16, 55100.000000
2, 30.15, 59400.000000
2, 30.14, 105500.000000
2, 30.13, 63000.000000
2, 30.12, 66900.000000
2, 30.11, 43700.000000
2, 30.10, 97700.000000
2, 30.09, 17700.000000
2, 30.08, 28800.000000
2, 30.07, 36700.000000
@, 30.21, 30.22
1, 30.37, 30600.000000
1, 30.36, 18800.000000
1, 30.35, 37800.000000
1, 30.34, 25700.000000
1, 30.33, 44000.000000
1, 30.32, 85200.000000
1, 30.31, 114000.000000
1, 30.30, 180300.000000
1, 30.29, 62200.000000
1, 30.28, 107300.000000
1, 30.27, 109800.000000
1, 30.26, 52900.000000
1, 30.25, 231200.000000
1, 30.24, 68000.000000
1, 30.23, 72200.000000
1, 30.22, 45500.000000
2, 30.21, 17500.000000
2, 30.20, 30700.000000
2, 30.19, 48400.000000
2, 30.18, 69300.000000
2, 30.17, 51200.000000
2, 30.16, 55100.000000
2, 30.15, 59400.000000
2, 30.14, 108500.000000
2, 30.13, 63000.000000
2, 30.12, 66900.000000
2, 30.11, 43700.000000
2, 30.10, 97700.000000
2, 30.09, 17700.000000
2, 30.08, 28800.000000
2, 30.07, 36700.000000
@, 30.21, 30.22
1, 30.37, 30600.000000
1, 30.36, 18800.000000
1, 30.35, 37800.000000
1, 30.34, 25700.000000
1, 30.33, 44000.000000
1, 30.32, 85200.000000
1, 30.31, 114000.000000
1, 30.30, 180300.000000
1, 30.29, 62200.000000
1, 30.28, 107300.000000
1, 30.27, 109800.000000
1, 30.26, 52900.000000
1, 30.25, 231200.000000
1, 30.24, 68000.000000
1, 30.23, 72200.000000
1, 30.22, 45500.000000
2, 30.21, 17500.000000
2, 30.20, 30700.000000
2, 30.19, 48400.000000
2, 30.18, 69300.000000
2, 30.17, 51200.000000
2, 30.16, 55100.000000
2, 30.15, 59200.000000
2, 30.14, 108300.000000
2, 30.13, 63200.000000
2, 30.12, 67100.000000
2, 30.11, 43700.000000
2, 30.10, 97700.000000
2, 30.09, 17700.000000
2, 30.08, 28800.000000
2, 30.07, 36700.000000
@, 30.21, 30.22
1, 30.37, 30600.000000
1, 30.36, 18800.000000
1, 30.35, 37800.000000
1, 30.34, 25700.000000
1, 30.33, 44000.000000
1, 30.32, 85200.000000
1, 30.31, 114000.000000
1, 30.30, 180300.000000
1, 30.29, 62200.000000
1, 30.28, 107300.000000
1, 30.27, 109800.000000
1, 30.26, 52900.000000
1, 30.25, 231200.000000
1, 30.24, 68600.000000
1, 30.23, 72200.000000
1, 30.22, 50800.000000
2, 30.21, 17600.000000
2, 30.20, 30700.000000
2, 30.19, 48400.000000
2, 30.18, 69300.000000
2, 30.17, 51200.000000
2, 30.16, 55100.000000
2, 30.15, 59200.000000
2, 30.14, 108300.000000
2, 30.13, 63200.000000
2, 30.12, 67100.000000
2, 30.11, 43700.000000
2, 30.10, 97700.000000
2, 30.09, 17700.000000
2, 30.08, 28800.000000
2, 30.07, 36700.000000
@, 30.21, 30.22
1, 30.37, 30600.000000
1, 30.36, 18800.000000
1, 30.35, 37800.000000
1, 30.34, 25700.000000
1, 30.33, 44000.000000
1, 30.32, 85200.000000
1, 30.31, 114000.000000
1, 30.30, 180300.000000
1, 30.29, 62200.000000
1, 30.28, 107300.000000
1, 30.27, 109800.000000
1, 30.26, 52900.000000
1, 30.25, 231200.000000
1, 30.24, 68600.000000
1, 30.23, 72600.000000
1, 30.22, 50200.000000
2, 30.21, 16800.000000
2, 30.20, 30700.000000
2, 30.19, 48400.000000
2, 30.18, 66800.000000
2, 30.17, 51200.000000
2, 30.16, 55000.000000
2, 30.15, 59200.000000
2, 30.14, 105300.000000
2, 30.13, 63200.000000
2, 30.12, 67100.000000
2, 30.11, 43700.000000
2, 30.10, 97700.000000
2, 30.09, 17700.000000
2, 30.08, 28800.000000
2, 30.07, 36700.000000
@, 30.21, 30.22
1, 30.37, 30600.000000
1, 30.36, 18800.000000
1, 30.35, 37800.000000
1, 30.34, 25700.000000
1, 30.33, 44000.000000
1, 30.32, 85200.000000
1, 30.31, 114000.000000
1, 30.30, 180300.000000
1, 30.29, 62200.000000
1, 30.28, 107300.000000
1, 30.27, 109800.000000
1, 30.26, 52900.000000
1, 30.25, 231200.000000
1, 30.24, 68600.000000
1, 30.23, 72600.000000
1, 30.22, 50200.000000
2, 30.21, 16900.000000
2, 30.20, 31700.000000
2, 30.19, 45500.000000
2, 30.18, 66800.000000
2, 30.17, 51200.000000
2, 30.16, 55000.000000
2, 30.15, 59200.000000
2, 30.14, 108300.000000
2, 30.13, 63200.000000
2, 30.12, 67100.000000
2, 30.11, 43700.000000
2, 30.10, 97700.000000
2, 30.09, 17700.000000
2, 30.08, 28800.000000
2, 30.07, 36700.000000
@