, 4.11, 4.12
1, 4.30, 17100.000000
1, 4.29, 5700.000000
1, 4.28, 1900.000000
1, 4.25, 1300.000000
1, 4.24, 200.000000
1, 4.22, 5900.000000
1, 4.21, 50000.000000
1, 4.20, 7800.000000
1, 4.19, 3800.000000
1, 4.18, 200.000000
1, 4.17, 100.000000
1, 4.16, 400.000000
1, 4.15, 4500.000000
1, 4.14, 200.000000
1, 4.13, 5100.000000
1, 4.12, 14600.000000
2, 4.11, 1000.000000
2, 4.10, 1600.000000
2, 4.09, 2100.000000
2, 4.08, 8000.000000
2, 4.07, 3800.000000
2, 4.06, 8200.000000
2, 4.05, 9300.000000
2, 4.04, 5100.000000
2, 4.03, 1300.000000
2, 4.02, 800.000000
2, 4.01, 9500.000000
2, 4.00, 13200.000000
2, 3.99, 3100.000000
2, 3.98, 1800.000000
2, 3.97, 1500.000000
@, 4.11, 4.12
1, 4.30, 17100.000000
1, 4.29, 5700.000000
1, 4.28, 1900.000000
1, 4.25, 1300.000000
1, 4.24, 200.000000
1, 4.22, 5900.000000
1, 4.21, 50000.000000
1, 4.20, 7800.000000
1, 4.19, 3800.000000
1, 4.18, 200.000000
1, 4.17, 100.000000
1, 4.16, 400.000000
1, 4.15, 4500.000000
1, 4.14, 200.000000
1, 4.13, 5100.000000
1, 4.12, 14600.000000
2, 4.11, 1000.000000
2, 4.10, 1600.000000
2, 4.09, 2100.000000
2, 4.08, 8000.000000
2, 4.07, 3800.000000
2, 4.06, 8200.000000
2, 4.05, 9300.000000
2, 4.04, 5100.000000
2, 4.03, 1300.000000
2, 4.02, 800.000000
2, 4.01, 9500.000000
2, 4.00, 13200.000000
2, 3.99, 3100.000000
2, 3.98, 1800.000000
2, 3.97, 1500.000000
@, 4.11, 4.12
1, 4.30, 17100.000000
1, 4.29, 5700.000000
1, 4.28, 1900.000000
1, 4.25, 1300.000000
1, 4.24, 200.000000
1, 4.22, 5900.000000
1, 4.21, 50000.000000
1, 4.20, 7800.000000
1, 4.19, 3800.000000
1, 4.18, 200.000000
1, 4.17, 100.000000
1, 4.16, 400.000000
1, 4.15, 4500.000000
1, 4.14, 200.000000
1, 4.13, 5100.000000
1, 4.12, 14600.000000
2, 4.11, 1000.000000
2, 4.10, 1600.000000
2, 4.09, 2100.000000
2, 4.08, 8000.000000
2, 4.07, 3800.000000
2, 4.06, 8200.000000
2, 4.05, 9300.000000
2, 4.04, 5100.000000
2, 4.03, 1300.000000
2, 4.02, 800.000000
2, 4.01, 9500.000000
2, 4.00, 13200.000000
2, 3.99, 3100.000000
2, 3.98, 1800.000000
2, 3.97, 1500.000000
@, 4.11, 4.12
1, 4.30, 17100.000000
1, 4.29, 5700.000000
1, 4.28, 1900.000000
1, 4.25, 1300.000000
1, 4.24, 200.000000
1, 4.22, 5900.000000
1, 4.21, 50000.000000
1, 4.20, 7800.000000
1, 4.19, 3800.000000
1, 4.18, 200.000000
1, 4.17, 100.000000
1, 4.16, 400.000000
1, 4.15, 4500.000000
1, 4.14, 200.000000
1, 4.13, 5100.000000
1, 4.12, 14600.000000
2, 4.11, 1000.000000
2, 4.10, 1600.000000
2, 4.09, 2100.000000
2, 4.08, 8000.000000
2, 4.07, 3800.000000
2, 4.06, 8200.000000
2, 4.05, 9300.000000
2, 4.04, 5100.000000
2, 4.03, 1300.000000
2, 4.02, 800.000000
2, 4.01, 9500.000000
2, 4.00, 13200.000000
2, 3.99, 3100.000000
2, 3.98, 1800.000000
2, 3.97, 1500.000000
@, 4.11, 4.12
1, 4.30, 17100.000000
1, 4.29, 5700.000000
1, 4.28, 1900.000000
1, 4.25, 1300.000000
1, 4.24, 200.000000
1, 4.22, 5900.000000
1, 4.21, 50000.000000
1, 4.20, 7800.000000
1, 4.19, 3800.000000
1, 4.18, 200.000000
1, 4.17, 100.000000
1, 4.16, 400.000000
1, 4.15, 4500.000000
1, 4.14, 200.000000
1, 4.13, 5100.000000
1, 4.12, 14600.000000
2, 4.11, 1000.000000
2, 4.10, 1600.000000
2, 4.09, 2100.000000
2, 4.08, 8000.000000
2, 4.07, 3800.000000
2, 4.06, 8200.000000
2, 4.05, 9300.000000
2, 4.04, 5100.000000
2, 4.03, 1300.000000
2, 4.02, 800.000000
2, 4.01, 9500.000000
2, 4.00, 13200.000000
2, 3.99, 3100.000000
2, 3.98, 1800.000000
2, 3.97, 1500.000000
@, 4.11, 4.12
1, 4.30, 17100.000000
1, 4.29, 5700.000000
1, 4.28, 1900.000000
1, 4.25, 1300.000000
1, 4.24, 200.000000
1, 4.22, 5900.000000
1, 4.21, 50000.000000
1, 4.20, 7800.000000
1, 4.19, 3800.000000
1, 4.18, 200.000000
1, 4.17, 100.000000
1, 4.16, 400.000000
1, 4.15, 4500.000000
1, 4.14, 200.000000
1, 4.13, 5100.000000
1, 4.12, 14600.000000
2, 4.11, 1000.000000
2, 4.10, 1600.000000
2, 4.09, 2100.000000
2, 4.08, 8000.000000
2, 4.07, 3800.000000
2, 4.06, 8200.000000
2, 4.05, 9300.000000
2, 4.04, 5100.000000
2, 4.03, 1300.000000
2, 4.02, 800.000000
2, 4.01, 9500.000000
2, 4.00, 13200.000000
2, 3.99, 3100.000000
2, 3.98, 1800.000000
2, 3.97, 1500.000000
@, 4.11, 4.12
1, 4.30, 17100.000000
1, 4.29, 5700.000000
1, 4.28, 1900.000000
1, 4.25, 1300.000000
1, 4.24, 200.000000
1, 4.22, 5900.000000
1, 4.21, 50000.000000
1, 4.20, 7800.000000
1, 4.19, 3800.000000
1, 4.18, 200.000000
1, 4.17, 100.000000
1, 4.16, 400.000000
1, 4.15, 4500.000000
1, 4.14, 200.000000
1, 4.13, 5100.000000
1, 4.12, 14600.000000
2, 4.11, 1000.000000
2, 4.10, 1600.000000
2, 4.09, 2100.000000
2, 4.08, 8000.000000
2, 4.07, 3800.000000
2, 4.06, 8200.000000
2, 4.05, 9300.000000
2, 4.04, 5100.000000
2, 4.03, 1300.000000
2, 4.02, 800.000000
2, 4.01, 9500.000000
2, 4.00, 13200.000000
2, 3.99, 3100.000000
2, 3.98, 1800.000000
2, 3.97, 1500.000000
@, 4.11, 4.12
1, 4.30, 17100.000000
1, 4.29, 5700.000000
1, 4.28, 1900.000000
1, 4.25, 1300.000000
1, 4.24, 200.000000
1, 4.22, 5900.000000
1, 4.21, 50000.000000
1, 4.20, 7800.000000
1, 4.19, 3800.000000
1, 4.18, 200.000000
1, 4.17, 100.000000
1, 4.16, 400.000000
1, 4.15, 4500.000000
1, 4.14, 200.000000
1, 4.13, 5100.000000
1, 4.12, 14600.000000
2, 4.11, 1000.000000
2, 4.10, 1600.000000
2, 4.09, 2100.000000
2, 4.08, 8000.000000
2, 4.07, 3800.000000
2, 4.06, 8200.000000
2, 4.05, 9300.000000
2, 4.04, 5100.000000
2, 4.03, 1300.000000
2, 4.02, 800.000000
2, 4.01, 9500.000000
2, 4.00, 13200.000000
2, 3.99, 3100.000000
2, 3.98, 1800.000000
2, 3.97, 1500.000000
@, 4.11, 4.12
1, 4.30, 17100.000000
1, 4.29, 5700.000000
1, 4.28, 1900.000000
1, 4.25, 1300.000000
1, 4.24, 200.000000
1, 4.22, 5900.000000
1, 4.21, 50000.000000
1, 4.20, 7800.000000
1, 4.19, 3800.000000
1, 4.18, 200.000000
1, 4.17, 100.000000
1, 4.16, 400.000000
1, 4.15, 4500.000000
1, 4.14, 200.000000
1, 4.13, 5100.000000
1, 4.12, 14600.000000
2, 4.11, 1000.000000
2, 4.10, 1600.000000
2, 4.09, 2100.000000
2, 4.08, 8000.000000
2, 4.07, 3800.000000
2, 4.06, 8200.000000
2, 4.05, 9300.000000
2, 4.04, 5100.000000
2, 4.03, 1300.000000
2, 4.02, 800.000000
2, 4.01, 9500.000000
2, 4.00, 13200.000000
2, 3.99, 3100.000000
2, 3.98, 1800.000000
2, 3.97, 1500.000000
@, 4.11, 4.12
1, 4.30, 17100.000000
1, 4.29, 5700.000000
1, 4.28, 1900.000000
1, 4.25, 1300.000000
1, 4.24, 200.000000
1, 4.22, 5900.000000
1, 4.21, 50000.000000
1, 4.20, 7800.000000
1, 4.19, 3800.000000
1, 4.18, 200.000000
1, 4.17, 100.000000
1, 4.16, 400.000000
1, 4.15, 4500.000000
1, 4.14, 200.000000
1, 4.13, 5100.000000
1, 4.12, 14600.000000
2, 4.11, 1000.000000
2, 4.10, 1600.000000
2, 4.09, 2100.000000
2, 4.08, 8000.000000
2, 4.07, 3800.000000
2, 4.06, 8200.000000
2, 4.05, 9300.000000
2, 4.04, 5100.000000
2, 4.03, 1300.000000
2, 4.02, 800.000000
2, 4.01, 9500.000000
2, 4.00, 13200.000000
2, 3.99, 3100.000000
2, 3.98, 1800.000000
2, 3.97, 1500.000000
@