, 23.85, 23.87
1, 24.40, 300.000000
1, 24.39, 200.000000
1, 24.38, 200.000000
1, 24.35, 400.000000
1, 24.27, 100.000000
1, 24.26, 400.000000
1, 24.20, 100.000000
1, 24.18, 200.000000
1, 24.15, 400.000000
1, 24.10, 1300.000000
1, 24.03, 400.000000
1, 24.00, 300.000000
1, 23.99, 200.000000
1, 23.90, 100.000000
1, 23.88, 100.000000
1, 23.87, 300.000000
2, 23.85, 400.000000
2, 23.82, 400.000000
2, 23.81, 1000.000000
2, 23.80, 3400.000000
2, 23.78, 100.000000
2, 23.76, 100.000000
2, 23.75, 200.000000
2, 23.71, 2200.000000
2, 23.70, 1300.000000
2, 23.66, 2800.000000
2, 23.65, 600.000000
2, 23.61, 100.000000
2, 23.60, 2400.000000
2, 23.57, 100.000000
2, 23.50, 2800.000000
@, 23.85, 23.87
1, 24.40, 300.000000
1, 24.39, 200.000000
1, 24.38, 200.000000
1, 24.35, 400.000000
1, 24.27, 100.000000
1, 24.26, 400.000000
1, 24.20, 100.000000
1, 24.18, 200.000000
1, 24.15, 400.000000
1, 24.10, 1300.000000
1, 24.03, 400.000000
1, 24.00, 300.000000
1, 23.99, 200.000000
1, 23.90, 100.000000
1, 23.88, 100.000000
1, 23.87, 300.000000
2, 23.85, 400.000000
2, 23.82, 400.000000
2, 23.81, 1000.000000
2, 23.80, 3400.000000
2, 23.78, 100.000000
2, 23.76, 100.000000
2, 23.75, 200.000000
2, 23.71, 2200.000000
2, 23.70, 1300.000000
2, 23.66, 2800.000000
2, 23.65, 600.000000
2, 23.61, 100.000000
2, 23.60, 2400.000000
2, 23.57, 100.000000
2, 23.50, 2800.000000
@, 23.85, 23.87
1, 24.40, 300.000000
1, 24.39, 200.000000
1, 24.38, 200.000000
1, 24.35, 400.000000
1, 24.27, 100.000000
1, 24.26, 400.000000
1, 24.20, 100.000000
1, 24.18, 200.000000
1, 24.15, 400.000000
1, 24.10, 1300.000000
1, 24.03, 400.000000
1, 24.00, 300.000000
1, 23.99, 200.000000
1, 23.90, 100.000000
1, 23.88, 100.000000
1, 23.87, 300.000000
2, 23.85, 400.000000
2, 23.82, 400.000000
2, 23.81, 1000.000000
2, 23.80, 3400.000000
2, 23.78, 100.000000
2, 23.76, 100.000000
2, 23.75, 200.000000
2, 23.71, 2200.000000
2, 23.70, 1300.000000
2, 23.66, 2800.000000
2, 23.65, 600.000000
2, 23.61, 100.000000
2, 23.60, 2400.000000
2, 23.57, 100.000000
2, 23.50, 2800.000000
@, 23.85, 23.87
1, 24.40, 300.000000
1, 24.39, 200.000000
1, 24.38, 200.000000
1, 24.35, 400.000000
1, 24.27, 100.000000
1, 24.26, 400.000000
1, 24.20, 100.000000
1, 24.18, 200.000000
1, 24.15, 400.000000
1, 24.10, 1300.000000
1, 24.03, 400.000000
1, 24.00, 300.000000
1, 23.99, 200.000000
1, 23.90, 100.000000
1, 23.88, 100.000000
1, 23.87, 300.000000
2, 23.85, 400.000000
2, 23.82, 400.000000
2, 23.81, 1000.000000
2, 23.80, 3400.000000
2, 23.78, 100.000000
2, 23.76, 100.000000
2, 23.75, 200.000000
2, 23.71, 2200.000000
2, 23.70, 1300.000000
2, 23.66, 2800.000000
2, 23.65, 600.000000
2, 23.61, 100.000000
2, 23.60, 2400.000000
2, 23.57, 100.000000
2, 23.50, 2800.000000
@, 23.85, 23.87
1, 24.40, 300.000000
1, 24.39, 200.000000
1, 24.38, 200.000000
1, 24.35, 400.000000
1, 24.27, 100.000000
1, 24.26, 400.000000
1, 24.20, 100.000000
1, 24.18, 200.000000
1, 24.15, 400.000000
1, 24.10, 1300.000000
1, 24.03, 400.000000
1, 24.00, 300.000000
1, 23.99, 200.000000
1, 23.90, 100.000000
1, 23.88, 100.000000
1, 23.87, 300.000000
2, 23.85, 400.000000
2, 23.82, 400.000000
2, 23.81, 1000.000000
2, 23.80, 3400.000000
2, 23.78, 100.000000
2, 23.76, 100.000000
2, 23.75, 200.000000
2, 23.71, 2200.000000
2, 23.70, 1300.000000
2, 23.66, 2800.000000
2, 23.65, 600.000000
2, 23.61, 100.000000
2, 23.60, 2400.000000
2, 23.57, 100.000000
2, 23.50, 2800.000000
@, 23.85, 23.87
1, 24.40, 300.000000
1, 24.39, 200.000000
1, 24.38, 200.000000
1, 24.35, 400.000000
1, 24.27, 100.000000
1, 24.26, 400.000000
1, 24.20, 100.000000
1, 24.18, 200.000000
1, 24.15, 400.000000
1, 24.10, 1300.000000
1, 24.03, 400.000000
1, 24.00, 300.000000
1, 23.99, 200.000000
1, 23.90, 100.000000
1, 23.88, 100.000000
1, 23.87, 300.000000
2, 23.85, 400.000000
2, 23.82, 400.000000
2, 23.81, 1000.000000
2, 23.80, 3400.000000
2, 23.78, 100.000000
2, 23.76, 100.000000
2, 23.75, 200.000000
2, 23.71, 2200.000000
2, 23.70, 1300.000000
2, 23.66, 2800.000000
2, 23.65, 600.000000
2, 23.61, 100.000000
2, 23.60, 2400.000000
2, 23.57, 100.000000
2, 23.50, 2800.000000
@, 23.85, 23.87
1, 24.40, 300.000000
1, 24.39, 200.000000
1, 24.38, 200.000000
1, 24.35, 400.000000
1, 24.27, 100.000000
1, 24.26, 400.000000
1, 24.20, 100.000000
1, 24.18, 200.000000
1, 24.15, 400.000000
1, 24.10, 1300.000000
1, 24.03, 400.000000
1, 24.00, 300.000000
1, 23.99, 200.000000
1, 23.90, 100.000000
1, 23.88, 100.000000
1, 23.87, 300.000000
2, 23.85, 400.000000
2, 23.82, 400.000000
2, 23.81, 1000.000000
2, 23.80, 3400.000000
2, 23.78, 100.000000
2, 23.76, 100.000000
2, 23.75, 200.000000
2, 23.71, 2200.000000
2, 23.70, 1300.000000
2, 23.66, 2800.000000
2, 23.65, 600.000000
2, 23.61, 100.000000
2, 23.60, 2400.000000
2, 23.57, 100.000000
2, 23.50, 2800.000000
@, 23.85, 23.87
1, 24.40, 300.000000
1, 24.39, 200.000000
1, 24.38, 200.000000
1, 24.35, 400.000000
1, 24.27, 100.000000
1, 24.26, 400.000000
1, 24.20, 100.000000
1, 24.18, 200.000000
1, 24.15, 400.000000
1, 24.10, 1300.000000
1, 24.03, 400.000000
1, 24.00, 300.000000
1, 23.99, 200.000000
1, 23.90, 100.000000
1, 23.88, 100.000000
1, 23.87, 300.000000
2, 23.85, 400.000000
2, 23.82, 400.000000
2, 23.81, 1000.000000
2, 23.80, 3400.000000
2, 23.78, 100.000000
2, 23.76, 100.000000
2, 23.75, 200.000000
2, 23.71, 2200.000000
2, 23.70, 1300.000000
2, 23.66, 2800.000000
2, 23.65, 600.000000
2, 23.61, 100.000000
2, 23.60, 2400.000000
2, 23.57, 100.000000
2, 23.50, 2800.000000
@, 23.85, 23.87
1, 24.40, 300.000000
1, 24.39, 200.000000
1, 24.38, 200.000000
1, 24.35, 400.000000
1, 24.27, 100.000000
1, 24.26, 400.000000
1, 24.20, 100.000000
1, 24.18, 200.000000
1, 24.15, 400.000000
1, 24.10, 1300.000000
1, 24.03, 400.000000
1, 24.00, 300.000000
1, 23.99, 200.000000
1, 23.90, 100.000000
1, 23.88, 100.000000
1, 23.87, 300.000000
2, 23.85, 400.000000
2, 23.82, 400.000000
2, 23.81, 1000.000000
2, 23.80, 3400.000000
2, 23.78, 100.000000
2, 23.76, 100.000000
2, 23.75, 200.000000
2, 23.71, 2200.000000
2, 23.70, 1300.000000
2, 23.66, 2800.000000
2, 23.65, 600.000000
2, 23.61, 100.000000
2, 23.60, 2400.000000
2, 23.57, 100.000000
2, 23.50, 2800.000000
@, 23.85, 23.87
1, 24.40, 300.000000
1, 24.39, 200.000000
1, 24.38, 200.000000
1, 24.35, 400.000000
1, 24.27, 100.000000
1, 24.26, 400.000000
1, 24.20, 100.000000
1, 24.18, 200.000000
1, 24.15, 400.000000
1, 24.10, 1300.000000
1, 24.03, 400.000000
1, 24.00, 300.000000
1, 23.99, 200.000000
1, 23.90, 100.000000
1, 23.88, 100.000000
1, 23.87, 300.000000
2, 23.85, 400.000000
2, 23.82, 400.000000
2, 23.81, 1000.000000
2, 23.80, 3400.000000
2, 23.78, 100.000000
2, 23.76, 100.000000
2, 23.75, 200.000000
2, 23.71, 2200.000000
2, 23.70, 1300.000000
2, 23.66, 2800.000000
2, 23.65, 600.000000
2, 23.61, 100.000000
2, 23.60, 2400.000000
2, 23.57, 100.000000
2, 23.50, 2800.000000
@