, 46.13, 46.15
1, 46.30, 2600.000000
1, 46.29, 800.000000
1, 46.28, 800.000000
1, 46.27, 500.000000
1, 46.26, 800.000000
1, 46.25, 3200.000000
1, 46.24, 800.000000
1, 46.23, 1200.000000
1, 46.22, 800.000000
1, 46.21, 300.000000
1, 46.20, 2100.000000
1, 46.19, 300.000000
1, 46.18, 200.000000
1, 46.17, 1000.000000
1, 46.16, 1000.000000
1, 46.15, 300.000000
2, 46.13, 200.000000
2, 46.12, 300.000000
2, 46.11, 200.000000
2, 46.10, 3400.000000
2, 46.09, 400.000000
2, 46.08, 1000.000000
2, 46.07, 300.000000
2, 46.06, 600.000000
2, 46.05, 500.000000
2, 46.04, 700.000000
2, 46.03, 1000.000000
2, 46.02, 1000.000000
2, 46.01, 2200.000000
2, 46.00, 5500.000000
2, 45.99, 800.000000
@, 46.13, 46.14
1, 46.29, 800.000000
1, 46.28, 800.000000
1, 46.27, 500.000000
1, 46.26, 800.000000
1, 46.25, 3200.000000
1, 46.24, 800.000000
1, 46.23, 1200.000000
1, 46.22, 800.000000
1, 46.21, 300.000000
1, 46.20, 2100.000000
1, 46.19, 300.000000
1, 46.18, 200.000000
1, 46.17, 1000.000000
1, 46.16, 1100.000000
1, 46.15, 200.000000
1, 46.14, 100.000000
2, 46.13, 200.000000
2, 46.12, 300.000000
2, 46.11, 200.000000
2, 46.10, 3400.000000
2, 46.09, 400.000000
2, 46.08, 1000.000000
2, 46.07, 300.000000
2, 46.06, 600.000000
2, 46.05, 500.000000
2, 46.04, 700.000000
2, 46.03, 1000.000000
2, 46.02, 1000.000000
2, 46.01, 2200.000000
2, 46.00, 5500.000000
2, 45.99, 800.000000
@, 46.13, 46.15
1, 46.30, 2600.000000
1, 46.29, 800.000000
1, 46.28, 800.000000
1, 46.27, 500.000000
1, 46.26, 800.000000
1, 46.25, 3200.000000
1, 46.24, 800.000000
1, 46.23, 1200.000000
1, 46.22, 800.000000
1, 46.21, 300.000000
1, 46.20, 2100.000000
1, 46.19, 300.000000
1, 46.18, 200.000000
1, 46.17, 1000.000000
1, 46.16, 1000.000000
1, 46.15, 200.000000
2, 46.13, 200.000000
2, 46.12, 300.000000
2, 46.11, 200.000000
2, 46.10, 3400.000000
2, 46.09, 400.000000
2, 46.08, 1000.000000
2, 46.07, 300.000000
2, 46.06, 600.000000
2, 46.05, 500.000000
2, 46.04, 700.000000
2, 46.03, 1000.000000
2, 46.02, 1000.000000
2, 46.01, 2200.000000
2, 46.00, 5500.000000
2, 45.99, 800.000000
@, 46.13, 46.15
1, 46.30, 2600.000000
1, 46.29, 800.000000
1, 46.28, 800.000000
1, 46.27, 500.000000
1, 46.26, 800.000000
1, 46.25, 3200.000000
1, 46.24, 800.000000
1, 46.23, 1200.000000
1, 46.22, 800.000000
1, 46.21, 300.000000
1, 46.20, 2100.000000
1, 46.19, 300.000000
1, 46.18, 200.000000
1, 46.17, 1000.000000
1, 46.16, 1000.000000
1, 46.15, 200.000000
2, 46.13, 200.000000
2, 46.12, 300.000000
2, 46.11, 200.000000
2, 46.10, 3400.000000
2, 46.09, 400.000000
2, 46.08, 1000.000000
2, 46.07, 300.000000
2, 46.06, 600.000000
2, 46.05, 500.000000
2, 46.04, 700.000000
2, 46.03, 1000.000000
2, 46.02, 1000.000000
2, 46.01, 2200.000000
2, 46.00, 5500.000000
2, 45.99, 800.000000
@, 46.13, 46.15
1, 46.30, 2600.000000
1, 46.29, 800.000000
1, 46.28, 800.000000
1, 46.27, 500.000000
1, 46.26, 800.000000
1, 46.25, 3200.000000
1, 46.24, 800.000000
1, 46.23, 1200.000000
1, 46.22, 800.000000
1, 46.21, 300.000000
1, 46.20, 2100.000000
1, 46.19, 300.000000
1, 46.18, 200.000000
1, 46.17, 1000.000000
1, 46.16, 1000.000000
1, 46.15, 200.000000
2, 46.13, 200.000000
2, 46.12, 300.000000
2, 46.11, 200.000000
2, 46.10, 3400.000000
2, 46.09, 400.000000
2, 46.08, 1000.000000
2, 46.07, 300.000000
2, 46.06, 600.000000
2, 46.05, 500.000000
2, 46.04, 700.000000
2, 46.03, 1000.000000
2, 46.02, 1000.000000
2, 46.01, 2200.000000
2, 46.00, 5500.000000
2, 45.99, 800.000000
@, 46.13, 46.15
1, 46.30, 2600.000000
1, 46.29, 800.000000
1, 46.28, 800.000000
1, 46.27, 500.000000
1, 46.26, 800.000000
1, 46.25, 3200.000000
1, 46.24, 800.000000
1, 46.23, 1200.000000
1, 46.22, 800.000000
1, 46.21, 300.000000
1, 46.20, 2100.000000
1, 46.19, 300.000000
1, 46.18, 200.000000
1, 46.17, 1000.000000
1, 46.16, 1000.000000
1, 46.15, 200.000000
2, 46.13, 200.000000
2, 46.12, 300.000000
2, 46.11, 200.000000
2, 46.10, 3400.000000
2, 46.09, 400.000000
2, 46.08, 1000.000000
2, 46.07, 300.000000
2, 46.06, 600.000000
2, 46.05, 500.000000
2, 46.04, 700.000000
2, 46.03, 1000.000000
2, 46.02, 1000.000000
2, 46.01, 2200.000000
2, 46.00, 5500.000000
2, 45.99, 800.000000
@, 46.13, 46.15
1, 46.30, 2600.000000
1, 46.29, 800.000000
1, 46.28, 800.000000
1, 46.27, 500.000000
1, 46.26, 800.000000
1, 46.25, 3200.000000
1, 46.24, 800.000000
1, 46.23, 1200.000000
1, 46.22, 800.000000
1, 46.21, 300.000000
1, 46.20, 2100.000000
1, 46.19, 300.000000
1, 46.18, 200.000000
1, 46.17, 1000.000000
1, 46.16, 1000.000000
1, 46.15, 200.000000
2, 46.13, 200.000000
2, 46.12, 300.000000
2, 46.11, 200.000000
2, 46.10, 3400.000000
2, 46.09, 400.000000
2, 46.08, 1000.000000
2, 46.07, 300.000000
2, 46.06, 600.000000
2, 46.05, 500.000000
2, 46.04, 700.000000
2, 46.03, 1000.000000
2, 46.02, 1000.000000
2, 46.01, 2200.000000
2, 46.00, 5500.000000
2, 45.99, 800.000000
@, 46.13, 46.15
1, 46.30, 2600.000000
1, 46.29, 800.000000
1, 46.28, 800.000000
1, 46.27, 500.000000
1, 46.26, 800.000000
1, 46.25, 3200.000000
1, 46.24, 800.000000
1, 46.23, 1200.000000
1, 46.22, 800.000000
1, 46.21, 300.000000
1, 46.20, 2100.000000
1, 46.19, 300.000000
1, 46.18, 200.000000
1, 46.17, 1000.000000
1, 46.16, 1000.000000
1, 46.15, 200.000000
2, 46.13, 200.000000
2, 46.12, 300.000000
2, 46.11, 200.000000
2, 46.10, 3400.000000
2, 46.09, 400.000000
2, 46.08, 1000.000000
2, 46.07, 300.000000
2, 46.06, 600.000000
2, 46.05, 500.000000
2, 46.04, 700.000000
2, 46.03, 1000.000000
2, 46.02, 1000.000000
2, 46.01, 2200.000000
2, 46.00, 5500.000000
2, 45.99, 800.000000
@, 46.13, 46.15
1, 46.30, 2600.000000
1, 46.29, 800.000000
1, 46.28, 800.000000
1, 46.27, 500.000000
1, 46.26, 800.000000
1, 46.25, 3200.000000
1, 46.24, 800.000000
1, 46.23, 1200.000000
1, 46.22, 800.000000
1, 46.21, 300.000000
1, 46.20, 2100.000000
1, 46.19, 300.000000
1, 46.18, 200.000000
1, 46.17, 1000.000000
1, 46.16, 1000.000000
1, 46.15, 200.000000
2, 46.13, 200.000000
2, 46.12, 300.000000
2, 46.11, 200.000000
2, 46.10, 3400.000000
2, 46.09, 400.000000
2, 46.08, 1000.000000
2, 46.07, 300.000000
2, 46.06, 600.000000
2, 46.05, 500.000000
2, 46.04, 700.000000
2, 46.03, 1000.000000
2, 46.02, 1000.000000
2, 46.01, 2200.000000
2, 46.00, 5500.000000
2, 45.99, 800.000000
@, 46.13, 46.15
1, 46.30, 2600.000000
1, 46.29, 800.000000
1, 46.28, 800.000000
1, 46.27, 500.000000
1, 46.26, 800.000000
1, 46.25, 3200.000000
1, 46.24, 800.000000
1, 46.23, 1200.000000
1, 46.22, 800.000000
1, 46.21, 300.000000
1, 46.20, 2100.000000
1, 46.19, 300.000000
1, 46.18, 200.000000
1, 46.17, 1000.000000
1, 46.16, 1000.000000
1, 46.15, 200.000000
2, 46.13, 300.000000
2, 46.12, 300.000000
2, 46.11, 200.000000
2, 46.10, 4200.000000
2, 46.09, 400.000000
2, 46.08, 1000.000000
2, 46.07, 300.000000
2, 46.06, 600.000000
2, 46.05, 500.000000
2, 46.04, 700.000000
2, 46.03, 1000.000000
2, 46.02, 1000.000000
2, 46.01, 2200.000000
2, 46.00, 5500.000000
2, 45.99, 800.000000
@