, 41.76, 41.78
1, 41.93, 1100.000000
1, 41.92, 900.000000
1, 41.91, 900.000000
1, 41.90, 1800.000000
1, 41.89, 800.000000
1, 41.88, 1100.000000
1, 41.87, 1600.000000
1, 41.86, 1400.000000
1, 41.85, 1100.000000
1, 41.84, 1300.000000
1, 41.83, 400.000000
1, 41.82, 1200.000000
1, 41.81, 400.000000
1, 41.80, 1800.000000
1, 41.79, 900.000000
1, 41.78, 100.000000
2, 41.76, 1000.000000
2, 41.75, 600.000000
2, 41.74, 1200.000000
2, 41.73, 1000.000000
2, 41.72, 400.000000
2, 41.71, 2000.000000
2, 41.70, 2000.000000
2, 41.69, 1000.000000
2, 41.68, 900.000000
2, 41.67, 1100.000000
2, 41.66, 1300.000000
2, 41.65, 1000.000000
2, 41.64, 1700.000000
2, 41.63, 1000.000000
2, 41.62, 800.000000
@, 41.76, 41.78
1, 41.93, 1100.000000
1, 41.92, 900.000000
1, 41.91, 900.000000
1, 41.90, 1800.000000
1, 41.89, 1000.000000
1, 41.88, 1100.000000
1, 41.87, 1400.000000
1, 41.86, 1400.000000
1, 41.85, 1100.000000
1, 41.84, 1300.000000
1, 41.83, 400.000000
1, 41.82, 1200.000000
1, 41.81, 400.000000
1, 41.80, 1800.000000
1, 41.79, 900.000000
1, 41.78, 100.000000
2, 41.76, 1000.000000
2, 41.75, 800.000000
2, 41.74, 1200.000000
2, 41.73, 800.000000
2, 41.72, 400.000000
2, 41.71, 2000.000000
2, 41.70, 2000.000000
2, 41.69, 1000.000000
2, 41.68, 900.000000
2, 41.67, 1100.000000
2, 41.66, 1300.000000
2, 41.65, 1000.000000
2, 41.64, 1700.000000
2, 41.63, 1000.000000
2, 41.62, 800.000000
@, 41.76, 41.78
1, 41.93, 1100.000000
1, 41.92, 900.000000
1, 41.91, 900.000000
1, 41.90, 1800.000000
1, 41.89, 1000.000000
1, 41.88, 1100.000000
1, 41.87, 1400.000000
1, 41.86, 1400.000000
1, 41.85, 1100.000000
1, 41.84, 1300.000000
1, 41.83, 400.000000
1, 41.82, 1200.000000
1, 41.81, 400.000000
1, 41.80, 1800.000000
1, 41.79, 900.000000
1, 41.78, 100.000000
2, 41.76, 1000.000000
2, 41.75, 800.000000
2, 41.74, 1200.000000
2, 41.73, 800.000000
2, 41.72, 400.000000
2, 41.71, 2000.000000
2, 41.70, 2000.000000
2, 41.69, 1000.000000
2, 41.68, 900.000000
2, 41.67, 1100.000000
2, 41.66, 1300.000000
2, 41.65, 1000.000000
2, 41.64, 1700.000000
2, 41.63, 1000.000000
2, 41.62, 800.000000
@, 41.76, 41.78
1, 41.93, 1100.000000
1, 41.92, 900.000000
1, 41.91, 900.000000
1, 41.90, 1800.000000
1, 41.89, 1000.000000
1, 41.88, 1100.000000
1, 41.87, 1400.000000
1, 41.86, 1400.000000
1, 41.85, 1100.000000
1, 41.84, 1300.000000
1, 41.83, 400.000000
1, 41.82, 1200.000000
1, 41.81, 400.000000
1, 41.80, 1800.000000
1, 41.79, 900.000000
1, 41.78, 100.000000
2, 41.76, 1000.000000
2, 41.75, 800.000000
2, 41.74, 1200.000000
2, 41.73, 800.000000
2, 41.72, 400.000000
2, 41.71, 2000.000000
2, 41.70, 2000.000000
2, 41.69, 1000.000000
2, 41.68, 1300.000000
2, 41.67, 1100.000000
2, 41.66, 1300.000000
2, 41.65, 1000.000000
2, 41.64, 1700.000000
2, 41.63, 1000.000000
2, 41.62, 800.000000
@, 41.76, 41.78
1, 41.93, 1100.000000
1, 41.92, 900.000000
1, 41.91, 900.000000
1, 41.90, 1800.000000
1, 41.89, 1000.000000
1, 41.88, 1100.000000
1, 41.87, 1400.000000
1, 41.86, 1400.000000
1, 41.85, 1100.000000
1, 41.84, 1300.000000
1, 41.83, 400.000000
1, 41.82, 1200.000000
1, 41.81, 400.000000
1, 41.80, 1800.000000
1, 41.79, 900.000000
1, 41.78, 100.000000
2, 41.76, 1000.000000
2, 41.75, 800.000000
2, 41.74, 1200.000000
2, 41.73, 800.000000
2, 41.72, 400.000000
2, 41.71, 2000.000000
2, 41.70, 2000.000000
2, 41.69, 1000.000000
2, 41.68, 1300.000000
2, 41.67, 1100.000000
2, 41.66, 1300.000000
2, 41.65, 1000.000000
2, 41.64, 1700.000000
2, 41.63, 1000.000000
2, 41.62, 800.000000
@, 41.76, 41.78
1, 41.93, 1100.000000
1, 41.92, 900.000000
1, 41.91, 900.000000
1, 41.90, 1800.000000
1, 41.89, 1000.000000
1, 41.88, 1100.000000
1, 41.87, 1400.000000
1, 41.86, 1400.000000
1, 41.85, 1100.000000
1, 41.84, 1300.000000
1, 41.83, 600.000000
1, 41.82, 1200.000000
1, 41.81, 400.000000
1, 41.80, 1800.000000
1, 41.79, 900.000000
1, 41.78, 100.000000
2, 41.76, 1000.000000
2, 41.75, 800.000000
2, 41.74, 1200.000000
2, 41.73, 800.000000
2, 41.72, 400.000000
2, 41.71, 2000.000000
2, 41.70, 2000.000000
2, 41.69, 1000.000000
2, 41.68, 1300.000000
2, 41.67, 1100.000000
2, 41.66, 1300.000000
2, 41.65, 1000.000000
2, 41.64, 1700.000000
2, 41.63, 1000.000000
2, 41.62, 800.000000
@, 41.76, 41.78
1, 41.93, 1100.000000
1, 41.92, 900.000000
1, 41.91, 900.000000
1, 41.90, 1800.000000
1, 41.89, 1000.000000
1, 41.88, 1100.000000
1, 41.87, 1400.000000
1, 41.86, 1400.000000
1, 41.85, 1100.000000
1, 41.84, 1300.000000
1, 41.83, 600.000000
1, 41.82, 1200.000000
1, 41.81, 400.000000
1, 41.80, 1800.000000
1, 41.79, 900.000000
1, 41.78, 100.000000
2, 41.76, 1000.000000
2, 41.75, 800.000000
2, 41.74, 1200.000000
2, 41.73, 800.000000
2, 41.72, 400.000000
2, 41.71, 2000.000000
2, 41.70, 2000.000000
2, 41.69, 1000.000000
2, 41.68, 1300.000000
2, 41.67, 1100.000000
2, 41.66, 1300.000000
2, 41.65, 1000.000000
2, 41.64, 1700.000000
2, 41.63, 1000.000000
2, 41.62, 800.000000
@, 41.76, 41.78
1, 41.93, 1100.000000
1, 41.92, 900.000000
1, 41.91, 900.000000
1, 41.90, 1800.000000
1, 41.89, 1000.000000
1, 41.88, 1100.000000
1, 41.87, 1400.000000
1, 41.86, 1400.000000
1, 41.85, 1100.000000
1, 41.84, 1300.000000
1, 41.83, 600.000000
1, 41.82, 1200.000000
1, 41.81, 400.000000
1, 41.80, 1800.000000
1, 41.79, 900.000000
1, 41.78, 100.000000
2, 41.76, 1000.000000
2, 41.75, 800.000000
2, 41.74, 1200.000000
2, 41.73, 800.000000
2, 41.72, 400.000000
2, 41.71, 2000.000000
2, 41.70, 2000.000000
2, 41.69, 1000.000000
2, 41.68, 1300.000000
2, 41.67, 1100.000000
2, 41.66, 1300.000000
2, 41.65, 1000.000000
2, 41.64, 1700.000000
2, 41.63, 1000.000000
2, 41.62, 800.000000
@, 41.76, 41.77
1, 41.92, 900.000000
1, 41.91, 900.000000
1, 41.90, 1800.000000
1, 41.89, 1000.000000
1, 41.88, 1100.000000
1, 41.87, 1400.000000
1, 41.86, 1400.000000
1, 41.85, 1100.000000
1, 41.84, 1300.000000
1, 41.83, 600.000000
1, 41.82, 1300.000000
1, 41.81, 500.000000
1, 41.80, 1800.000000
1, 41.79, 1000.000000
1, 41.78, 300.000000
1, 41.77, 200.000000
2, 41.76, 700.000000
2, 41.75, 600.000000
2, 41.74, 1200.000000
2, 41.73, 800.000000
2, 41.72, 400.000000
2, 41.71, 2000.000000
2, 41.70, 2000.000000
2, 41.69, 1000.000000
2, 41.68, 1300.000000
2, 41.67, 1100.000000
2, 41.66, 1300.000000
2, 41.65, 1000.000000
2, 41.64, 1700.000000
2, 41.63, 1000.000000
2, 41.62, 800.000000
@, 41.76, 41.77
1, 41.92, 900.000000
1, 41.91, 900.000000
1, 41.90, 1800.000000
1, 41.89, 1000.000000
1, 41.88, 1100.000000
1, 41.87, 1400.000000
1, 41.86, 1400.000000
1, 41.85, 1100.000000
1, 41.84, 1300.000000
1, 41.83, 600.000000
1, 41.82, 1300.000000
1, 41.81, 500.000000
1, 41.80, 1800.000000
1, 41.79, 1000.000000
1, 41.78, 300.000000
1, 41.77, 200.000000
2, 41.76, 700.000000
2, 41.75, 600.000000
2, 41.74, 1200.000000
2, 41.73, 800.000000
2, 41.72, 400.000000
2, 41.71, 2000.000000
2, 41.70, 2000.000000
2, 41.69, 1000.000000
2, 41.68, 1300.000000
2, 41.67, 1100.000000
2, 41.66, 1300.000000
2, 41.65, 1000.000000
2, 41.64, 1700.000000
2, 41.63, 1000.000000
2, 41.62, 800.000000
@