, 18.44, 18.45
1, 18.62, 200.000000
1, 18.60, 7300.000000
1, 18.59, 1200.000000
1, 18.58, 200.000000
1, 18.57, 100.000000
1, 18.56, 500.000000
1, 18.55, 2400.000000
1, 18.54, 100.000000
1, 18.53, 500.000000
1, 18.52, 400.000000
1, 18.51, 1800.000000
1, 18.50, 700.000000
1, 18.49, 1700.000000
1, 18.47, 500.000000
1, 18.46, 3000.000000
1, 18.45, 500.000000
2, 18.44, 600.000000
2, 18.43, 500.000000
2, 18.42, 1000.000000
2, 18.40, 1300.000000
2, 18.38, 200.000000
2, 18.35, 2000.000000
2, 18.34, 4100.000000
2, 18.33, 1800.000000
2, 18.32, 3300.000000
2, 18.31, 9900.000000
2, 18.30, 10800.000000
2, 18.29, 300.000000
2, 18.28, 1500.000000
2, 18.26, 4000.000000
2, 18.25, 3000.000000
@, 18.44, 18.45
1, 18.62, 200.000000
1, 18.60, 7300.000000
1, 18.59, 1200.000000
1, 18.58, 200.000000
1, 18.57, 100.000000
1, 18.56, 500.000000
1, 18.55, 2400.000000
1, 18.54, 100.000000
1, 18.53, 500.000000
1, 18.52, 400.000000
1, 18.51, 1800.000000
1, 18.50, 700.000000
1, 18.49, 1700.000000
1, 18.47, 500.000000
1, 18.46, 3000.000000
1, 18.45, 500.000000
2, 18.44, 600.000000
2, 18.43, 500.000000
2, 18.42, 1000.000000
2, 18.40, 1300.000000
2, 18.38, 200.000000
2, 18.35, 2000.000000
2, 18.34, 4100.000000
2, 18.33, 1800.000000
2, 18.32, 3300.000000
2, 18.31, 9900.000000
2, 18.30, 10800.000000
2, 18.29, 300.000000
2, 18.28, 1500.000000
2, 18.26, 4000.000000
2, 18.25, 3000.000000
@, 18.44, 18.45
1, 18.62, 200.000000
1, 18.60, 7300.000000
1, 18.59, 1200.000000
1, 18.58, 200.000000
1, 18.57, 100.000000
1, 18.56, 500.000000
1, 18.55, 2400.000000
1, 18.54, 100.000000
1, 18.53, 500.000000
1, 18.52, 400.000000
1, 18.51, 1800.000000
1, 18.50, 700.000000
1, 18.49, 1700.000000
1, 18.47, 500.000000
1, 18.46, 3000.000000
1, 18.45, 500.000000
2, 18.44, 600.000000
2, 18.43, 500.000000
2, 18.42, 1000.000000
2, 18.40, 1300.000000
2, 18.38, 200.000000
2, 18.35, 2000.000000
2, 18.34, 4100.000000
2, 18.33, 1800.000000
2, 18.32, 3300.000000
2, 18.31, 9900.000000
2, 18.30, 10800.000000
2, 18.29, 300.000000
2, 18.28, 1500.000000
2, 18.26, 4000.000000
2, 18.25, 3000.000000
@, 18.44, 18.45
1, 18.62, 200.000000
1, 18.60, 7300.000000
1, 18.59, 1200.000000
1, 18.58, 200.000000
1, 18.57, 100.000000
1, 18.56, 500.000000
1, 18.55, 2400.000000
1, 18.54, 100.000000
1, 18.53, 500.000000
1, 18.52, 400.000000
1, 18.51, 1800.000000
1, 18.50, 700.000000
1, 18.49, 1700.000000
1, 18.47, 500.000000
1, 18.46, 3000.000000
1, 18.45, 500.000000
2, 18.44, 600.000000
2, 18.43, 500.000000
2, 18.42, 1000.000000
2, 18.40, 1300.000000
2, 18.38, 200.000000
2, 18.35, 2000.000000
2, 18.34, 4100.000000
2, 18.33, 1800.000000
2, 18.32, 3300.000000
2, 18.31, 9900.000000
2, 18.30, 10800.000000
2, 18.29, 300.000000
2, 18.28, 1500.000000
2, 18.26, 4000.000000
2, 18.25, 3000.000000
@, 18.44, 18.45
1, 18.62, 200.000000
1, 18.60, 7300.000000
1, 18.59, 1200.000000
1, 18.58, 200.000000
1, 18.57, 100.000000
1, 18.56, 500.000000
1, 18.55, 2400.000000
1, 18.54, 100.000000
1, 18.53, 500.000000
1, 18.52, 400.000000
1, 18.51, 1800.000000
1, 18.50, 700.000000
1, 18.49, 1700.000000
1, 18.47, 500.000000
1, 18.46, 3000.000000
1, 18.45, 500.000000
2, 18.44, 600.000000
2, 18.43, 500.000000
2, 18.42, 1000.000000
2, 18.40, 1300.000000
2, 18.38, 200.000000
2, 18.35, 2000.000000
2, 18.34, 4100.000000
2, 18.33, 1800.000000
2, 18.32, 3300.000000
2, 18.31, 9900.000000
2, 18.30, 10800.000000
2, 18.29, 300.000000
2, 18.28, 1500.000000
2, 18.26, 4000.000000
2, 18.25, 3000.000000
@, 18.44, 18.45
1, 18.62, 200.000000
1, 18.60, 7300.000000
1, 18.59, 1200.000000
1, 18.58, 200.000000
1, 18.57, 100.000000
1, 18.56, 500.000000
1, 18.55, 2400.000000
1, 18.54, 100.000000
1, 18.53, 500.000000
1, 18.52, 400.000000
1, 18.51, 1800.000000
1, 18.50, 700.000000
1, 18.49, 1700.000000
1, 18.47, 500.000000
1, 18.46, 3000.000000
1, 18.45, 500.000000
2, 18.44, 600.000000
2, 18.43, 500.000000
2, 18.42, 1000.000000
2, 18.40, 1300.000000
2, 18.38, 200.000000
2, 18.35, 2000.000000
2, 18.34, 4100.000000
2, 18.33, 1800.000000
2, 18.32, 3300.000000
2, 18.31, 9900.000000
2, 18.30, 10800.000000
2, 18.29, 300.000000
2, 18.28, 1500.000000
2, 18.26, 4000.000000
2, 18.25, 3000.000000
@, 18.44, 18.45
1, 18.62, 200.000000
1, 18.60, 7300.000000
1, 18.59, 1200.000000
1, 18.58, 200.000000
1, 18.57, 100.000000
1, 18.56, 500.000000
1, 18.55, 2400.000000
1, 18.54, 100.000000
1, 18.53, 500.000000
1, 18.52, 400.000000
1, 18.51, 1800.000000
1, 18.50, 700.000000
1, 18.49, 1700.000000
1, 18.47, 500.000000
1, 18.46, 3000.000000
1, 18.45, 200.000000
2, 18.44, 600.000000
2, 18.43, 500.000000
2, 18.42, 1000.000000
2, 18.40, 1300.000000
2, 18.38, 200.000000
2, 18.35, 2000.000000
2, 18.34, 4100.000000
2, 18.33, 1800.000000
2, 18.32, 3300.000000
2, 18.31, 9900.000000
2, 18.30, 10800.000000
2, 18.29, 300.000000
2, 18.28, 1500.000000
2, 18.26, 4000.000000
2, 18.25, 3000.000000
@, 18.44, 18.45
1, 18.62, 200.000000
1, 18.60, 7300.000000
1, 18.59, 1200.000000
1, 18.58, 200.000000
1, 18.57, 100.000000
1, 18.56, 500.000000
1, 18.55, 2400.000000
1, 18.54, 100.000000
1, 18.53, 500.000000
1, 18.52, 400.000000
1, 18.51, 1800.000000
1, 18.50, 700.000000
1, 18.49, 1700.000000
1, 18.47, 500.000000
1, 18.46, 3000.000000
1, 18.45, 200.000000
2, 18.44, 600.000000
2, 18.43, 500.000000
2, 18.42, 1000.000000
2, 18.40, 1300.000000
2, 18.38, 200.000000
2, 18.35, 2000.000000
2, 18.34, 4100.000000
2, 18.33, 1800.000000
2, 18.32, 3300.000000
2, 18.31, 9900.000000
2, 18.30, 10800.000000
2, 18.29, 300.000000
2, 18.28, 1500.000000
2, 18.26, 4000.000000
2, 18.25, 3000.000000
@, 18.44, 18.45
1, 18.62, 200.000000
1, 18.60, 7300.000000
1, 18.59, 1200.000000
1, 18.58, 200.000000
1, 18.57, 100.000000
1, 18.56, 500.000000
1, 18.55, 2400.000000
1, 18.54, 100.000000
1, 18.53, 500.000000
1, 18.52, 400.000000
1, 18.51, 1800.000000
1, 18.50, 700.000000
1, 18.49, 1700.000000
1, 18.47, 500.000000
1, 18.46, 3000.000000
1, 18.45, 200.000000
2, 18.44, 600.000000
2, 18.43, 500.000000
2, 18.42, 1000.000000
2, 18.40, 1300.000000
2, 18.38, 200.000000
2, 18.35, 2000.000000
2, 18.34, 4100.000000
2, 18.33, 1800.000000
2, 18.32, 3300.000000
2, 18.31, 9900.000000
2, 18.30, 10800.000000
2, 18.29, 300.000000
2, 18.28, 1500.000000
2, 18.26, 4000.000000
2, 18.25, 3000.000000
@, 18.44, 18.45
1, 18.62, 200.000000
1, 18.60, 7300.000000
1, 18.59, 1200.000000
1, 18.58, 200.000000
1, 18.57, 100.000000
1, 18.56, 500.000000
1, 18.55, 2400.000000
1, 18.54, 100.000000
1, 18.53, 500.000000
1, 18.52, 400.000000
1, 18.51, 1800.000000
1, 18.50, 700.000000
1, 18.49, 1700.000000
1, 18.47, 500.000000
1, 18.46, 3000.000000
1, 18.45, 200.000000
2, 18.44, 600.000000
2, 18.43, 500.000000
2, 18.42, 1000.000000
2, 18.40, 1300.000000
2, 18.38, 200.000000
2, 18.35, 2000.000000
2, 18.34, 4100.000000
2, 18.33, 1800.000000
2, 18.32, 3300.000000
2, 18.31, 9900.000000
2, 18.30, 10800.000000
2, 18.29, 300.000000
2, 18.28, 1500.000000
2, 18.26, 4000.000000
2, 18.25, 3000.000000
@