, 7.01, 7.69
1, 19.00, 100.000000
1, 14.90, 100.000000
1, 10.00, 600.000000
1, 9.90, 100.000000
1, 9.00, 100.000000
1, 8.10, 100.000000
1, 7.70, 1000.000000
1, 7.69, 100.000000
2, 7.01, 300.000000
2, 7.00, 100.000000
2, 6.02, 2000.000000
2, 6.01, 400.000000
2, 6.00, 300.000000
2, 4.31, 200.000000
@, 7.01, 7.69
1, 19.00, 100.000000
1, 14.90, 100.000000
1, 10.00, 600.000000
1, 9.90, 100.000000
1, 9.00, 100.000000
1, 8.10, 100.000000
1, 7.70, 1000.000000
1, 7.69, 100.000000
2, 7.01, 300.000000
2, 7.00, 100.000000
2, 6.02, 2000.000000
2, 6.01, 400.000000
2, 6.00, 300.000000
2, 4.31, 200.000000
@, 7.01, 7.69
1, 19.00, 100.000000
1, 14.90, 100.000000
1, 10.00, 600.000000
1, 9.90, 100.000000
1, 9.00, 100.000000
1, 8.10, 100.000000
1, 7.70, 1000.000000
1, 7.69, 100.000000
2, 7.01, 300.000000
2, 7.00, 100.000000
2, 6.02, 2000.000000
2, 6.01, 400.000000
2, 6.00, 300.000000
2, 4.31, 200.000000
@, 7.01, 7.69
1, 19.00, 100.000000
1, 14.90, 100.000000
1, 10.00, 600.000000
1, 9.90, 100.000000
1, 9.00, 100.000000
1, 8.10, 100.000000
1, 7.70, 1000.000000
1, 7.69, 100.000000
2, 7.01, 300.000000
2, 7.00, 100.000000
2, 6.02, 2000.000000
2, 6.01, 400.000000
2, 6.00, 300.000000
2, 4.31, 200.000000
@, 7.01, 7.69
1, 19.00, 100.000000
1, 14.90, 100.000000
1, 10.00, 600.000000
1, 9.90, 100.000000
1, 9.00, 100.000000
1, 8.10, 100.000000
1, 7.70, 1000.000000
1, 7.69, 100.000000
2, 7.01, 300.000000
2, 7.00, 100.000000
2, 6.02, 2000.000000
2, 6.01, 400.000000
2, 6.00, 300.000000
2, 4.31, 200.000000
@, 7.01, 7.69
1, 19.00, 100.000000
1, 14.90, 100.000000
1, 10.00, 600.000000
1, 9.90, 100.000000
1, 9.00, 100.000000
1, 8.10, 100.000000
1, 7.70, 1000.000000
1, 7.69, 100.000000
2, 7.01, 300.000000
2, 7.00, 100.000000
2, 6.02, 2000.000000
2, 6.01, 400.000000
2, 6.00, 300.000000
2, 4.31, 200.000000
@, 7.01, 7.69
1, 19.00, 100.000000
1, 14.90, 100.000000
1, 10.00, 600.000000
1, 9.90, 100.000000
1, 9.00, 100.000000
1, 8.10, 100.000000
1, 7.70, 1000.000000
1, 7.69, 100.000000
2, 7.01, 300.000000
2, 7.00, 100.000000
2, 6.02, 2000.000000
2, 6.01, 400.000000
2, 6.00, 300.000000
2, 4.31, 200.000000
@, 7.01, 7.69
1, 19.00, 100.000000
1, 14.90, 100.000000
1, 10.00, 600.000000
1, 9.90, 100.000000
1, 9.00, 100.000000
1, 8.10, 100.000000
1, 7.70, 1000.000000
1, 7.69, 100.000000
2, 7.01, 300.000000
2, 7.00, 100.000000
2, 6.02, 2000.000000
2, 6.01, 400.000000
2, 6.00, 300.000000
2, 4.31, 200.000000
@, 7.01, 7.69
1, 19.00, 100.000000
1, 14.90, 100.000000
1, 10.00, 600.000000
1, 9.90, 100.000000
1, 9.00, 100.000000
1, 8.10, 100.000000
1, 7.70, 1000.000000
1, 7.69, 100.000000
2, 7.01, 300.000000
2, 7.00, 100.000000
2, 6.02, 2000.000000
2, 6.01, 400.000000
2, 6.00, 300.000000
2, 4.31, 200.000000
@, 7.01, 7.69
1, 19.00, 100.000000
1, 14.90, 100.000000
1, 10.00, 600.000000
1, 9.90, 100.000000
1, 9.00, 100.000000
1, 8.10, 100.000000
1, 7.70, 1000.000000
1, 7.69, 100.000000
2, 7.01, 300.000000
2, 7.00, 100.000000
2, 6.02, 2000.000000
2, 6.01, 400.000000
2, 6.00, 300.000000
2, 4.31, 200.000000
@