, 8.27, 8.70
1, 11.80, 200.000000
1, 11.60, 5000.000000
1, 10.50, 500.000000
1, 10.31, 100.000000
1, 10.30, 100.000000
1, 10.20, 100.000000
1, 9.80, 300.000000
1, 9.24, 1000.000000
1, 8.90, 1000.000000
1, 8.70, 1000.000000
2, 8.27, 300.000000
2, 8.26, 300.000000
2, 8.25, 700.000000
2, 8.22, 3000.000000
2, 8.21, 5000.000000
@, 8.27, 8.70
1, 11.80, 200.000000
1, 11.60, 5000.000000
1, 10.50, 500.000000
1, 10.31, 100.000000
1, 10.30, 100.000000
1, 10.20, 100.000000
1, 9.80, 300.000000
1, 9.24, 1000.000000
1, 8.90, 1000.000000
1, 8.70, 1000.000000
2, 8.27, 300.000000
2, 8.26, 300.000000
2, 8.25, 700.000000
2, 8.22, 3000.000000
2, 8.21, 5000.000000
@, 8.27, 8.70
1, 11.80, 200.000000
1, 11.60, 5000.000000
1, 10.50, 500.000000
1, 10.31, 100.000000
1, 10.30, 100.000000
1, 10.20, 100.000000
1, 9.80, 300.000000
1, 9.24, 1000.000000
1, 8.90, 1000.000000
1, 8.70, 1000.000000
2, 8.27, 300.000000
2, 8.26, 300.000000
2, 8.25, 700.000000
2, 8.22, 3000.000000
2, 8.21, 5000.000000
@, 8.27, 8.70
1, 11.80, 200.000000
1, 11.60, 5000.000000
1, 10.50, 500.000000
1, 10.31, 100.000000
1, 10.30, 100.000000
1, 10.20, 100.000000
1, 9.80, 300.000000
1, 9.24, 1000.000000
1, 8.90, 1000.000000
1, 8.70, 1000.000000
2, 8.27, 300.000000
2, 8.26, 300.000000
2, 8.25, 700.000000
2, 8.22, 3000.000000
2, 8.21, 5000.000000
@, 8.27, 8.70
1, 11.80, 200.000000
1, 11.60, 5000.000000
1, 10.50, 500.000000
1, 10.31, 100.000000
1, 10.30, 100.000000
1, 10.20, 100.000000
1, 9.80, 300.000000
1, 9.24, 1000.000000
1, 8.90, 1000.000000
1, 8.70, 1000.000000
2, 8.27, 300.000000
2, 8.26, 300.000000
2, 8.25, 700.000000
2, 8.22, 3000.000000
2, 8.21, 5000.000000
@, 8.27, 8.70
1, 11.80, 200.000000
1, 11.60, 5000.000000
1, 10.50, 500.000000
1, 10.31, 100.000000
1, 10.30, 100.000000
1, 10.20, 100.000000
1, 9.80, 300.000000
1, 9.24, 1000.000000
1, 8.90, 1000.000000
1, 8.70, 1000.000000
2, 8.27, 300.000000
2, 8.26, 300.000000
2, 8.25, 700.000000
2, 8.22, 3000.000000
2, 8.21, 5000.000000
@, 8.27, 8.70
1, 11.80, 200.000000
1, 11.60, 5000.000000
1, 10.50, 500.000000
1, 10.31, 100.000000
1, 10.30, 100.000000
1, 10.20, 100.000000
1, 9.80, 300.000000
1, 9.24, 1000.000000
1, 8.90, 1000.000000
1, 8.70, 1000.000000
2, 8.27, 300.000000
2, 8.26, 300.000000
2, 8.25, 700.000000
2, 8.22, 3000.000000
2, 8.21, 5000.000000
@, 8.27, 8.70
1, 11.80, 200.000000
1, 11.60, 5000.000000
1, 10.50, 500.000000
1, 10.31, 100.000000
1, 10.30, 100.000000
1, 10.20, 100.000000
1, 9.80, 300.000000
1, 9.24, 1000.000000
1, 8.90, 1000.000000
1, 8.70, 1000.000000
2, 8.27, 300.000000
2, 8.26, 300.000000
2, 8.25, 700.000000
2, 8.22, 3000.000000
2, 8.21, 5000.000000
@, 8.27, 8.70
1, 11.80, 200.000000
1, 11.60, 5000.000000
1, 10.50, 500.000000
1, 10.31, 100.000000
1, 10.30, 100.000000
1, 10.20, 100.000000
1, 9.80, 300.000000
1, 9.24, 1000.000000
1, 8.90, 1000.000000
1, 8.70, 1000.000000
2, 8.27, 300.000000
2, 8.26, 300.000000
2, 8.25, 700.000000
2, 8.22, 3000.000000
2, 8.21, 5000.000000
@, 8.27, 8.70
1, 11.80, 200.000000
1, 11.60, 5000.000000
1, 10.50, 500.000000
1, 10.31, 100.000000
1, 10.30, 100.000000
1, 10.20, 100.000000
1, 9.80, 300.000000
1, 9.24, 1000.000000
1, 8.90, 1000.000000
1, 8.70, 1000.000000
2, 8.27, 300.000000
2, 8.26, 300.000000
2, 8.25, 700.000000
2, 8.22, 3000.000000
2, 8.21, 5000.000000
@