, 6.61, 6.95
1, 15.95, 1700.000000
1, 10.50, 100.000000
1, 10.32, 500.000000
1, 9.00, 1500.000000
1, 8.34, 500.000000
1, 8.30, 600.000000
1, 7.00, 1600.000000
1, 6.98, 600.000000
1, 6.97, 300.000000
1, 6.95, 500.000000
2, 6.61, 300.000000
2, 6.60, 600.000000
2, 6.21, 1100.000000
@, 6.61, 6.95
1, 15.95, 1700.000000
1, 10.50, 100.000000
1, 10.32, 500.000000
1, 9.00, 1500.000000
1, 8.34, 500.000000
1, 8.30, 600.000000
1, 7.00, 1600.000000
1, 6.98, 600.000000
1, 6.97, 300.000000
1, 6.95, 500.000000
2, 6.61, 300.000000
2, 6.60, 600.000000
2, 6.21, 1100.000000
@, 6.61, 6.95
1, 15.95, 1700.000000
1, 10.50, 100.000000
1, 10.32, 500.000000
1, 9.00, 1500.000000
1, 8.34, 500.000000
1, 8.30, 600.000000
1, 7.00, 1600.000000
1, 6.98, 600.000000
1, 6.97, 300.000000
1, 6.95, 500.000000
2, 6.61, 300.000000
2, 6.60, 600.000000
2, 6.21, 1100.000000
@, 6.61, 6.95
1, 15.95, 1700.000000
1, 10.50, 100.000000
1, 10.32, 500.000000
1, 9.00, 1500.000000
1, 8.34, 500.000000
1, 8.30, 600.000000
1, 7.00, 1600.000000
1, 6.98, 600.000000
1, 6.97, 300.000000
1, 6.95, 500.000000
2, 6.61, 300.000000
2, 6.60, 600.000000
2, 6.21, 1100.000000
@, 6.61, 6.95
1, 15.95, 1700.000000
1, 10.50, 100.000000
1, 10.32, 500.000000
1, 9.00, 1500.000000
1, 8.34, 500.000000
1, 8.30, 600.000000
1, 7.00, 1600.000000
1, 6.98, 600.000000
1, 6.97, 300.000000
1, 6.95, 500.000000
2, 6.61, 300.000000
2, 6.60, 600.000000
2, 6.21, 1100.000000
@, 6.61, 6.95
1, 15.95, 1700.000000
1, 10.50, 100.000000
1, 10.32, 500.000000
1, 9.00, 1500.000000
1, 8.34, 500.000000
1, 8.30, 600.000000
1, 7.00, 1600.000000
1, 6.98, 600.000000
1, 6.97, 300.000000
1, 6.95, 500.000000
2, 6.61, 300.000000
2, 6.60, 600.000000
2, 6.21, 1100.000000
@, 6.61, 6.95
1, 15.95, 1700.000000
1, 10.50, 100.000000
1, 10.32, 500.000000
1, 9.00, 1500.000000
1, 8.34, 500.000000
1, 8.30, 600.000000
1, 7.00, 1600.000000
1, 6.98, 600.000000
1, 6.97, 300.000000
1, 6.95, 500.000000
2, 6.61, 300.000000
2, 6.60, 600.000000
2, 6.21, 1100.000000
@, 6.61, 6.95
1, 15.95, 1700.000000
1, 10.50, 100.000000
1, 10.32, 500.000000
1, 9.00, 1500.000000
1, 8.34, 500.000000
1, 8.30, 600.000000
1, 7.00, 1600.000000
1, 6.98, 600.000000
1, 6.97, 300.000000
1, 6.95, 500.000000
2, 6.61, 300.000000
2, 6.60, 600.000000
2, 6.21, 1100.000000
@, 6.61, 6.95
1, 15.95, 1700.000000
1, 10.50, 100.000000
1, 10.32, 500.000000
1, 9.00, 1500.000000
1, 8.34, 500.000000
1, 8.30, 600.000000
1, 7.00, 1600.000000
1, 6.98, 600.000000
1, 6.97, 300.000000
1, 6.95, 500.000000
2, 6.61, 300.000000
2, 6.60, 600.000000
2, 6.21, 1100.000000
@, 6.61, 6.95
1, 15.95, 1700.000000
1, 10.50, 100.000000
1, 10.32, 500.000000
1, 9.00, 1500.000000
1, 8.34, 500.000000
1, 8.30, 600.000000
1, 7.00, 1600.000000
1, 6.98, 600.000000
1, 6.97, 300.000000
1, 6.95, 500.000000
2, 6.61, 300.000000
2, 6.60, 600.000000
2, 6.21, 1100.000000
@