, 4.75, 4.80
1, 5.17, 1500.000000
1, 5.14, 1500.000000
1, 5.13, 1600.000000
1, 5.10, 8400.000000
1, 5.08, 600.000000
1, 5.05, 3100.000000
1, 5.00, 4800.000000
1, 4.97, 200.000000
1, 4.95, 2100.000000
1, 4.90, 100.000000
1, 4.87, 500.000000
1, 4.85, 100.000000
1, 4.83, 900.000000
1, 4.82, 400.000000
1, 4.81, 200.000000
1, 4.80, 400.000000
2, 4.75, 300.000000
2, 4.74, 1200.000000
2, 4.72, 2200.000000
2, 4.71, 600.000000
2, 4.70, 1700.000000
2, 4.63, 500.000000
2, 4.62, 300.000000
2, 4.61, 300.000000
2, 4.56, 2500.000000
2, 4.51, 1000.000000
2, 4.50, 100.000000
2, 4.46, 500.000000
2, 4.45, 1000.000000
2, 4.03, 1000.000000
2, 4.00, 1500.000000
@, 4.75, 4.80
1, 5.17, 1500.000000
1, 5.14, 1500.000000
1, 5.13, 1600.000000
1, 5.10, 8400.000000
1, 5.08, 600.000000
1, 5.05, 3100.000000
1, 5.00, 4800.000000
1, 4.97, 200.000000
1, 4.95, 2100.000000
1, 4.90, 100.000000
1, 4.87, 500.000000
1, 4.85, 100.000000
1, 4.83, 900.000000
1, 4.82, 400.000000
1, 4.81, 200.000000
1, 4.80, 400.000000
2, 4.75, 300.000000
2, 4.74, 1200.000000
2, 4.72, 2200.000000
2, 4.71, 600.000000
2, 4.70, 1700.000000
2, 4.63, 500.000000
2, 4.62, 300.000000
2, 4.61, 300.000000
2, 4.56, 2500.000000
2, 4.51, 1000.000000
2, 4.50, 100.000000
2, 4.46, 500.000000
2, 4.45, 1000.000000
2, 4.03, 1000.000000
2, 4.00, 1500.000000
@, 4.75, 4.80
1, 5.17, 1500.000000
1, 5.14, 1500.000000
1, 5.13, 1600.000000
1, 5.10, 8400.000000
1, 5.08, 600.000000
1, 5.05, 3100.000000
1, 5.00, 4800.000000
1, 4.97, 200.000000
1, 4.95, 2100.000000
1, 4.90, 100.000000
1, 4.87, 500.000000
1, 4.85, 100.000000
1, 4.83, 900.000000
1, 4.82, 400.000000
1, 4.81, 200.000000
1, 4.80, 400.000000
2, 4.75, 300.000000
2, 4.74, 1200.000000
2, 4.72, 2200.000000
2, 4.71, 600.000000
2, 4.70, 1700.000000
2, 4.63, 500.000000
2, 4.62, 300.000000
2, 4.61, 300.000000
2, 4.56, 2500.000000
2, 4.51, 1000.000000
2, 4.50, 100.000000
2, 4.46, 500.000000
2, 4.45, 1000.000000
2, 4.03, 1000.000000
2, 4.00, 1500.000000
@, 4.75, 4.80
1, 5.17, 1500.000000
1, 5.14, 1500.000000
1, 5.13, 1600.000000
1, 5.10, 8400.000000
1, 5.08, 600.000000
1, 5.05, 3100.000000
1, 5.00, 4800.000000
1, 4.97, 200.000000
1, 4.95, 2100.000000
1, 4.90, 100.000000
1, 4.87, 500.000000
1, 4.85, 100.000000
1, 4.83, 900.000000
1, 4.82, 400.000000
1, 4.81, 200.000000
1, 4.80, 400.000000
2, 4.75, 300.000000
2, 4.74, 1200.000000
2, 4.72, 2200.000000
2, 4.71, 600.000000
2, 4.70, 1700.000000
2, 4.63, 500.000000
2, 4.62, 300.000000
2, 4.61, 300.000000
2, 4.56, 2500.000000
2, 4.51, 1000.000000
2, 4.50, 100.000000
2, 4.46, 500.000000
2, 4.45, 1000.000000
2, 4.03, 1000.000000
2, 4.00, 1500.000000
@, 4.75, 4.80
1, 5.17, 1500.000000
1, 5.14, 1500.000000
1, 5.13, 1600.000000
1, 5.10, 8400.000000
1, 5.08, 600.000000
1, 5.05, 3100.000000
1, 5.00, 4800.000000
1, 4.97, 200.000000
1, 4.95, 2100.000000
1, 4.90, 100.000000
1, 4.87, 500.000000
1, 4.85, 100.000000
1, 4.83, 900.000000
1, 4.82, 400.000000
1, 4.81, 200.000000
1, 4.80, 400.000000
2, 4.75, 300.000000
2, 4.74, 1200.000000
2, 4.72, 2200.000000
2, 4.71, 600.000000
2, 4.70, 1700.000000
2, 4.63, 500.000000
2, 4.62, 300.000000
2, 4.61, 300.000000
2, 4.56, 2500.000000
2, 4.51, 1000.000000
2, 4.50, 100.000000
2, 4.46, 500.000000
2, 4.45, 1000.000000
2, 4.03, 1000.000000
2, 4.00, 1500.000000
@, 4.75, 4.80
1, 5.17, 1500.000000
1, 5.14, 1500.000000
1, 5.13, 1600.000000
1, 5.10, 8400.000000
1, 5.08, 600.000000
1, 5.05, 3100.000000
1, 5.00, 4800.000000
1, 4.97, 200.000000
1, 4.95, 2100.000000
1, 4.90, 100.000000
1, 4.87, 500.000000
1, 4.85, 100.000000
1, 4.83, 900.000000
1, 4.82, 400.000000
1, 4.81, 200.000000
1, 4.80, 400.000000
2, 4.75, 300.000000
2, 4.74, 1200.000000
2, 4.72, 2200.000000
2, 4.71, 600.000000
2, 4.70, 1700.000000
2, 4.63, 500.000000
2, 4.62, 300.000000
2, 4.61, 300.000000
2, 4.56, 2500.000000
2, 4.51, 1000.000000
2, 4.50, 100.000000
2, 4.46, 500.000000
2, 4.45, 1000.000000
2, 4.03, 1000.000000
2, 4.00, 1500.000000
@, 4.75, 4.80
1, 5.17, 1500.000000
1, 5.14, 1500.000000
1, 5.13, 1600.000000
1, 5.10, 8400.000000
1, 5.08, 600.000000
1, 5.05, 3100.000000
1, 5.00, 4800.000000
1, 4.97, 200.000000
1, 4.95, 2100.000000
1, 4.90, 100.000000
1, 4.87, 500.000000
1, 4.85, 100.000000
1, 4.83, 900.000000
1, 4.82, 400.000000
1, 4.81, 200.000000
1, 4.80, 400.000000
2, 4.75, 300.000000
2, 4.74, 1200.000000
2, 4.72, 2200.000000
2, 4.71, 600.000000
2, 4.70, 1700.000000
2, 4.63, 500.000000
2, 4.62, 300.000000
2, 4.61, 300.000000
2, 4.56, 2500.000000
2, 4.51, 1000.000000
2, 4.50, 100.000000
2, 4.46, 500.000000
2, 4.45, 1000.000000
2, 4.03, 1000.000000
2, 4.00, 1500.000000
@, 4.75, 4.80
1, 5.17, 1500.000000
1, 5.14, 1500.000000
1, 5.13, 1600.000000
1, 5.10, 8400.000000
1, 5.08, 600.000000
1, 5.05, 3100.000000
1, 5.00, 4800.000000
1, 4.97, 200.000000
1, 4.95, 2100.000000
1, 4.90, 100.000000
1, 4.87, 500.000000
1, 4.85, 100.000000
1, 4.83, 900.000000
1, 4.82, 400.000000
1, 4.81, 200.000000
1, 4.80, 400.000000
2, 4.75, 300.000000
2, 4.74, 1200.000000
2, 4.72, 2200.000000
2, 4.71, 600.000000
2, 4.70, 1700.000000
2, 4.63, 500.000000
2, 4.62, 300.000000
2, 4.61, 300.000000
2, 4.56, 2500.000000
2, 4.51, 1000.000000
2, 4.50, 100.000000
2, 4.46, 500.000000
2, 4.45, 1000.000000
2, 4.03, 1000.000000
2, 4.00, 1500.000000
@, 4.75, 4.80
1, 5.17, 1500.000000
1, 5.14, 1500.000000
1, 5.13, 1600.000000
1, 5.10, 8400.000000
1, 5.08, 600.000000
1, 5.05, 3100.000000
1, 5.00, 4800.000000
1, 4.97, 200.000000
1, 4.95, 2100.000000
1, 4.90, 100.000000
1, 4.87, 500.000000
1, 4.85, 100.000000
1, 4.83, 900.000000
1, 4.82, 400.000000
1, 4.81, 200.000000
1, 4.80, 400.000000
2, 4.75, 300.000000
2, 4.74, 1200.000000
2, 4.72, 2200.000000
2, 4.71, 600.000000
2, 4.70, 1700.000000
2, 4.63, 500.000000
2, 4.62, 300.000000
2, 4.61, 300.000000
2, 4.56, 2500.000000
2, 4.51, 1000.000000
2, 4.50, 100.000000
2, 4.46, 500.000000
2, 4.45, 1000.000000
2, 4.03, 1000.000000
2, 4.00, 1500.000000
@, 4.75, 4.80
1, 5.17, 1500.000000
1, 5.14, 1500.000000
1, 5.13, 1600.000000
1, 5.10, 8400.000000
1, 5.08, 600.000000
1, 5.05, 3100.000000
1, 5.00, 4800.000000
1, 4.97, 200.000000
1, 4.95, 2100.000000
1, 4.90, 100.000000
1, 4.87, 500.000000
1, 4.85, 100.000000
1, 4.83, 900.000000
1, 4.82, 400.000000
1, 4.81, 200.000000
1, 4.80, 400.000000
2, 4.75, 300.000000
2, 4.74, 1200.000000
2, 4.72, 2200.000000
2, 4.71, 600.000000
2, 4.70, 1700.000000
2, 4.63, 500.000000
2, 4.62, 300.000000
2, 4.61, 300.000000
2, 4.56, 2500.000000
2, 4.51, 1000.000000
2, 4.50, 100.000000
2, 4.46, 500.000000
2, 4.45, 1000.000000
2, 4.03, 1000.000000
2, 4.00, 1500.000000
@