, 21.14, 21.34
1, 23.33, 200.000000
1, 23.30, 2100.000000
1, 23.05, 200.000000
1, 23.00, 100.000000
1, 22.71, 200.000000
1, 22.35, 900.000000
1, 22.22, 900.000000
1, 22.20, 500.000000
1, 22.01, 500.000000
1, 22.00, 800.000000
1, 21.80, 200.000000
1, 21.64, 1000.000000
1, 21.55, 4000.000000
1, 21.50, 1000.000000
1, 21.40, 200.000000
1, 21.34, 900.000000
2, 21.14, 100.000000
2, 21.08, 200.000000
2, 21.01, 100.000000
2, 21.00, 700.000000
2, 20.99, 200.000000
2, 20.89, 100.000000
2, 20.85, 100.000000
2, 20.81, 100.000000
2, 20.80, 100.000000
2, 20.55, 100.000000
2, 20.51, 1000.000000
2, 20.50, 600.000000
2, 20.42, 400.000000
2, 20.38, 200.000000
2, 20.36, 100.000000
@, 21.14, 21.34
1, 23.33, 200.000000
1, 23.30, 2100.000000
1, 23.05, 200.000000
1, 23.00, 100.000000
1, 22.71, 200.000000
1, 22.35, 900.000000
1, 22.22, 900.000000
1, 22.20, 500.000000
1, 22.01, 500.000000
1, 22.00, 800.000000
1, 21.80, 200.000000
1, 21.64, 1000.000000
1, 21.55, 4000.000000
1, 21.50, 1000.000000
1, 21.40, 200.000000
1, 21.34, 900.000000
2, 21.14, 100.000000
2, 21.08, 200.000000
2, 21.01, 100.000000
2, 21.00, 700.000000
2, 20.99, 200.000000
2, 20.89, 100.000000
2, 20.85, 100.000000
2, 20.81, 100.000000
2, 20.80, 100.000000
2, 20.55, 100.000000
2, 20.51, 1000.000000
2, 20.50, 600.000000
2, 20.42, 400.000000
2, 20.38, 200.000000
2, 20.36, 100.000000
@, 21.14, 21.34
1, 23.33, 200.000000
1, 23.30, 2100.000000
1, 23.05, 200.000000
1, 23.00, 100.000000
1, 22.71, 200.000000
1, 22.35, 900.000000
1, 22.22, 900.000000
1, 22.20, 500.000000
1, 22.01, 500.000000
1, 22.00, 800.000000
1, 21.80, 200.000000
1, 21.64, 1000.000000
1, 21.55, 4000.000000
1, 21.50, 1000.000000
1, 21.40, 200.000000
1, 21.34, 900.000000
2, 21.14, 100.000000
2, 21.08, 200.000000
2, 21.01, 100.000000
2, 21.00, 700.000000
2, 20.99, 200.000000
2, 20.89, 100.000000
2, 20.85, 100.000000
2, 20.81, 100.000000
2, 20.80, 100.000000
2, 20.55, 100.000000
2, 20.51, 1000.000000
2, 20.50, 600.000000
2, 20.42, 400.000000
2, 20.38, 200.000000
2, 20.36, 100.000000
@, 21.14, 21.34
1, 23.33, 200.000000
1, 23.30, 2100.000000
1, 23.05, 200.000000
1, 23.00, 100.000000
1, 22.71, 200.000000
1, 22.35, 900.000000
1, 22.22, 900.000000
1, 22.20, 500.000000
1, 22.01, 500.000000
1, 22.00, 800.000000
1, 21.80, 200.000000
1, 21.64, 1000.000000
1, 21.55, 4000.000000
1, 21.50, 1000.000000
1, 21.40, 200.000000
1, 21.34, 900.000000
2, 21.14, 100.000000
2, 21.08, 200.000000
2, 21.01, 100.000000
2, 21.00, 700.000000
2, 20.99, 200.000000
2, 20.89, 100.000000
2, 20.85, 100.000000
2, 20.81, 100.000000
2, 20.80, 100.000000
2, 20.55, 100.000000
2, 20.51, 1000.000000
2, 20.50, 600.000000
2, 20.42, 400.000000
2, 20.38, 200.000000
2, 20.36, 100.000000
@, 21.14, 21.34
1, 23.33, 200.000000
1, 23.30, 2100.000000
1, 23.05, 200.000000
1, 23.00, 100.000000
1, 22.71, 200.000000
1, 22.35, 900.000000
1, 22.22, 900.000000
1, 22.20, 500.000000
1, 22.01, 500.000000
1, 22.00, 800.000000
1, 21.80, 200.000000
1, 21.64, 1000.000000
1, 21.55, 4000.000000
1, 21.50, 1000.000000
1, 21.40, 200.000000
1, 21.34, 900.000000
2, 21.14, 100.000000
2, 21.08, 200.000000
2, 21.01, 100.000000
2, 21.00, 700.000000
2, 20.99, 200.000000
2, 20.89, 100.000000
2, 20.85, 100.000000
2, 20.81, 100.000000
2, 20.80, 100.000000
2, 20.55, 100.000000
2, 20.51, 1000.000000
2, 20.50, 600.000000
2, 20.42, 400.000000
2, 20.38, 200.000000
2, 20.36, 100.000000
@, 21.14, 21.34
1, 23.33, 200.000000
1, 23.30, 2100.000000
1, 23.05, 200.000000
1, 23.00, 100.000000
1, 22.71, 200.000000
1, 22.35, 900.000000
1, 22.22, 900.000000
1, 22.20, 500.000000
1, 22.01, 500.000000
1, 22.00, 800.000000
1, 21.80, 200.000000
1, 21.64, 1000.000000
1, 21.55, 4000.000000
1, 21.50, 1000.000000
1, 21.40, 200.000000
1, 21.34, 900.000000
2, 21.14, 100.000000
2, 21.08, 200.000000
2, 21.01, 100.000000
2, 21.00, 700.000000
2, 20.99, 200.000000
2, 20.89, 100.000000
2, 20.85, 100.000000
2, 20.81, 100.000000
2, 20.80, 100.000000
2, 20.55, 100.000000
2, 20.51, 1000.000000
2, 20.50, 600.000000
2, 20.42, 400.000000
2, 20.38, 200.000000
2, 20.36, 100.000000
@, 21.14, 21.34
1, 23.33, 200.000000
1, 23.30, 2100.000000
1, 23.05, 200.000000
1, 23.00, 100.000000
1, 22.71, 200.000000
1, 22.35, 900.000000
1, 22.22, 900.000000
1, 22.20, 500.000000
1, 22.01, 500.000000
1, 22.00, 800.000000
1, 21.80, 200.000000
1, 21.64, 1000.000000
1, 21.55, 4000.000000
1, 21.50, 1000.000000
1, 21.40, 200.000000
1, 21.34, 900.000000
2, 21.14, 100.000000
2, 21.08, 200.000000
2, 21.01, 100.000000
2, 21.00, 700.000000
2, 20.99, 200.000000
2, 20.89, 100.000000
2, 20.85, 100.000000
2, 20.81, 100.000000
2, 20.80, 100.000000
2, 20.55, 100.000000
2, 20.51, 1000.000000
2, 20.50, 600.000000
2, 20.42, 400.000000
2, 20.38, 200.000000
2, 20.36, 100.000000
@, 21.14, 21.34
1, 23.33, 200.000000
1, 23.30, 2100.000000
1, 23.05, 200.000000
1, 23.00, 100.000000
1, 22.71, 200.000000
1, 22.35, 900.000000
1, 22.22, 900.000000
1, 22.20, 500.000000
1, 22.01, 500.000000
1, 22.00, 800.000000
1, 21.80, 200.000000
1, 21.64, 1000.000000
1, 21.55, 4000.000000
1, 21.50, 1000.000000
1, 21.40, 200.000000
1, 21.34, 900.000000
2, 21.14, 100.000000
2, 21.08, 200.000000
2, 21.01, 100.000000
2, 21.00, 700.000000
2, 20.99, 200.000000
2, 20.89, 100.000000
2, 20.85, 100.000000
2, 20.81, 100.000000
2, 20.80, 100.000000
2, 20.55, 100.000000
2, 20.51, 1000.000000
2, 20.50, 600.000000
2, 20.42, 400.000000
2, 20.38, 200.000000
2, 20.36, 100.000000
@, 21.14, 21.34
1, 23.33, 200.000000
1, 23.30, 2100.000000
1, 23.05, 200.000000
1, 23.00, 100.000000
1, 22.71, 200.000000
1, 22.35, 900.000000
1, 22.22, 900.000000
1, 22.20, 500.000000
1, 22.01, 500.000000
1, 22.00, 800.000000
1, 21.80, 200.000000
1, 21.64, 1000.000000
1, 21.55, 4000.000000
1, 21.50, 1000.000000
1, 21.40, 200.000000
1, 21.34, 900.000000
2, 21.14, 100.000000
2, 21.08, 200.000000
2, 21.01, 100.000000
2, 21.00, 700.000000
2, 20.99, 200.000000
2, 20.89, 100.000000
2, 20.85, 100.000000
2, 20.81, 100.000000
2, 20.80, 100.000000
2, 20.55, 100.000000
2, 20.51, 1000.000000
2, 20.50, 600.000000
2, 20.42, 400.000000
2, 20.38, 200.000000
2, 20.36, 100.000000
@, 21.14, 21.34
1, 23.33, 200.000000
1, 23.30, 2100.000000
1, 23.05, 200.000000
1, 23.00, 100.000000
1, 22.71, 200.000000
1, 22.35, 900.000000
1, 22.22, 900.000000
1, 22.20, 500.000000
1, 22.01, 500.000000
1, 22.00, 800.000000
1, 21.80, 200.000000
1, 21.64, 1000.000000
1, 21.55, 4000.000000
1, 21.50, 1000.000000
1, 21.40, 200.000000
1, 21.34, 900.000000
2, 21.14, 100.000000
2, 21.08, 200.000000
2, 21.01, 100.000000
2, 21.00, 700.000000
2, 20.99, 200.000000
2, 20.89, 100.000000
2, 20.85, 100.000000
2, 20.81, 100.000000
2, 20.80, 100.000000
2, 20.55, 100.000000
2, 20.51, 1000.000000
2, 20.50, 600.000000
2, 20.42, 400.000000
2, 20.38, 200.000000
2, 20.36, 100.000000
@