, 41.52, 41.53
1, 41.68, 900.000000
1, 41.67, 700.000000
1, 41.66, 900.000000
1, 41.65, 900.000000
1, 41.64, 800.000000
1, 41.63, 600.000000
1, 41.62, 800.000000
1, 41.61, 400.000000
1, 41.60, 1200.000000
1, 41.59, 300.000000
1, 41.58, 600.000000
1, 41.57, 800.000000
1, 41.56, 700.000000
1, 41.55, 2000.000000
1, 41.54, 1900.000000
1, 41.53, 500.000000
2, 41.52, 200.000000
2, 41.51, 300.000000
2, 41.50, 1300.000000
2, 41.49, 400.000000
2, 41.48, 600.000000
2, 41.47, 300.000000
2, 41.46, 600.000000
2, 41.45, 500.000000
2, 41.44, 1900.000000
2, 41.43, 900.000000
2, 41.42, 900.000000
2, 41.41, 1100.000000
2, 41.40, 1300.000000
2, 41.39, 700.000000
2, 41.38, 700.000000
@, 41.52, 41.53
1, 41.68, 900.000000
1, 41.67, 700.000000
1, 41.66, 900.000000
1, 41.65, 900.000000
1, 41.64, 800.000000
1, 41.63, 600.000000
1, 41.62, 800.000000
1, 41.61, 400.000000
1, 41.60, 1200.000000
1, 41.59, 300.000000
1, 41.58, 600.000000
1, 41.57, 700.000000
1, 41.56, 700.000000
1, 41.55, 2000.000000
1, 41.54, 1900.000000
1, 41.53, 500.000000
2, 41.52, 200.000000
2, 41.51, 300.000000
2, 41.50, 1300.000000
2, 41.49, 400.000000
2, 41.48, 600.000000
2, 41.47, 300.000000
2, 41.46, 600.000000
2, 41.45, 500.000000
2, 41.44, 1900.000000
2, 41.43, 900.000000
2, 41.42, 900.000000
2, 41.41, 1100.000000
2, 41.40, 1300.000000
2, 41.39, 700.000000
2, 41.38, 700.000000
@, 41.52, 41.53
1, 41.68, 900.000000
1, 41.67, 700.000000
1, 41.66, 900.000000
1, 41.65, 900.000000
1, 41.64, 800.000000
1, 41.63, 600.000000
1, 41.62, 800.000000
1, 41.61, 400.000000
1, 41.60, 1200.000000
1, 41.59, 300.000000
1, 41.58, 600.000000
1, 41.57, 700.000000
1, 41.56, 700.000000
1, 41.55, 2000.000000
1, 41.54, 1900.000000
1, 41.53, 500.000000
2, 41.52, 200.000000
2, 41.51, 300.000000
2, 41.50, 1300.000000
2, 41.49, 400.000000
2, 41.48, 600.000000
2, 41.47, 300.000000
2, 41.46, 600.000000
2, 41.45, 500.000000
2, 41.44, 1900.000000
2, 41.43, 900.000000
2, 41.42, 900.000000
2, 41.41, 1100.000000
2, 41.40, 1300.000000
2, 41.39, 700.000000
2, 41.38, 700.000000
@, 41.52, 41.53
1, 41.68, 900.000000
1, 41.67, 700.000000
1, 41.66, 900.000000
1, 41.65, 900.000000
1, 41.64, 800.000000
1, 41.63, 600.000000
1, 41.62, 800.000000
1, 41.61, 400.000000
1, 41.60, 1200.000000
1, 41.59, 300.000000
1, 41.58, 600.000000
1, 41.57, 700.000000
1, 41.56, 700.000000
1, 41.55, 2000.000000
1, 41.54, 1900.000000
1, 41.53, 500.000000
2, 41.52, 200.000000
2, 41.51, 300.000000
2, 41.50, 1300.000000
2, 41.49, 400.000000
2, 41.48, 600.000000
2, 41.47, 300.000000
2, 41.46, 600.000000
2, 41.45, 500.000000
2, 41.44, 1900.000000
2, 41.43, 900.000000
2, 41.42, 900.000000
2, 41.41, 1100.000000
2, 41.40, 1300.000000
2, 41.39, 700.000000
2, 41.38, 700.000000
@, 41.52, 41.53
1, 41.68, 900.000000
1, 41.67, 700.000000
1, 41.66, 900.000000
1, 41.65, 900.000000
1, 41.64, 800.000000
1, 41.63, 600.000000
1, 41.62, 800.000000
1, 41.61, 400.000000
1, 41.60, 1200.000000
1, 41.59, 300.000000
1, 41.58, 600.000000
1, 41.57, 700.000000
1, 41.56, 700.000000
1, 41.55, 2000.000000
1, 41.54, 1900.000000
1, 41.53, 500.000000
2, 41.52, 200.000000
2, 41.51, 300.000000
2, 41.50, 1300.000000
2, 41.49, 400.000000
2, 41.48, 600.000000
2, 41.47, 300.000000
2, 41.46, 600.000000
2, 41.45, 500.000000
2, 41.44, 1900.000000
2, 41.43, 900.000000
2, 41.42, 900.000000
2, 41.41, 1100.000000
2, 41.40, 1300.000000
2, 41.39, 700.000000
2, 41.38, 700.000000
@, 41.52, 41.53
1, 41.68, 900.000000
1, 41.67, 700.000000
1, 41.66, 900.000000
1, 41.65, 900.000000
1, 41.64, 800.000000
1, 41.63, 600.000000
1, 41.62, 800.000000
1, 41.61, 400.000000
1, 41.60, 1200.000000
1, 41.59, 300.000000
1, 41.58, 600.000000
1, 41.57, 700.000000
1, 41.56, 700.000000
1, 41.55, 2000.000000
1, 41.54, 1900.000000
1, 41.53, 500.000000
2, 41.52, 200.000000
2, 41.51, 300.000000
2, 41.50, 1300.000000
2, 41.49, 400.000000
2, 41.48, 600.000000
2, 41.47, 300.000000
2, 41.46, 600.000000
2, 41.45, 500.000000
2, 41.44, 1900.000000
2, 41.43, 900.000000
2, 41.42, 900.000000
2, 41.41, 1100.000000
2, 41.40, 1300.000000
2, 41.39, 700.000000
2, 41.38, 700.000000
@, 41.52, 41.53
1, 41.68, 900.000000
1, 41.67, 700.000000
1, 41.66, 900.000000
1, 41.65, 900.000000
1, 41.64, 800.000000
1, 41.63, 600.000000
1, 41.62, 800.000000
1, 41.61, 400.000000
1, 41.60, 1200.000000
1, 41.59, 300.000000
1, 41.58, 600.000000
1, 41.57, 700.000000
1, 41.56, 700.000000
1, 41.55, 2000.000000
1, 41.54, 1900.000000
1, 41.53, 500.000000
2, 41.52, 200.000000
2, 41.51, 300.000000
2, 41.50, 1300.000000
2, 41.49, 400.000000
2, 41.48, 600.000000
2, 41.47, 300.000000
2, 41.46, 600.000000
2, 41.45, 500.000000
2, 41.44, 1900.000000
2, 41.43, 900.000000
2, 41.42, 900.000000
2, 41.41, 1100.000000
2, 41.40, 1300.000000
2, 41.39, 700.000000
2, 41.38, 700.000000
@, 41.52, 41.53
1, 41.68, 900.000000
1, 41.67, 700.000000
1, 41.66, 900.000000
1, 41.65, 900.000000
1, 41.64, 800.000000
1, 41.63, 600.000000
1, 41.62, 800.000000
1, 41.61, 400.000000
1, 41.60, 1200.000000
1, 41.59, 300.000000
1, 41.58, 600.000000
1, 41.57, 700.000000
1, 41.56, 700.000000
1, 41.55, 1900.000000
1, 41.54, 2000.000000
1, 41.53, 500.000000
2, 41.52, 300.000000
2, 41.51, 300.000000
2, 41.50, 1300.000000
2, 41.49, 400.000000
2, 41.48, 600.000000
2, 41.47, 300.000000
2, 41.46, 600.000000
2, 41.45, 500.000000
2, 41.44, 1900.000000
2, 41.43, 900.000000
2, 41.42, 900.000000
2, 41.41, 1100.000000
2, 41.40, 1300.000000
2, 41.39, 700.000000
2, 41.38, 700.000000
@, 41.52, 41.53
1, 41.68, 900.000000
1, 41.67, 700.000000
1, 41.66, 900.000000
1, 41.65, 900.000000
1, 41.64, 800.000000
1, 41.63, 600.000000
1, 41.62, 800.000000
1, 41.61, 400.000000
1, 41.60, 1200.000000
1, 41.59, 300.000000
1, 41.58, 600.000000
1, 41.57, 700.000000
1, 41.56, 700.000000
1, 41.55, 1900.000000
1, 41.54, 2000.000000
1, 41.53, 500.000000
2, 41.52, 300.000000
2, 41.51, 300.000000
2, 41.50, 1300.000000
2, 41.49, 400.000000
2, 41.48, 600.000000
2, 41.47, 300.000000
2, 41.46, 600.000000
2, 41.45, 500.000000
2, 41.44, 1900.000000
2, 41.43, 900.000000
2, 41.42, 900.000000
2, 41.41, 1100.000000
2, 41.40, 1300.000000
2, 41.39, 700.000000
2, 41.38, 700.000000
@, 41.52, 41.53
1, 41.68, 900.000000
1, 41.67, 700.000000
1, 41.66, 900.000000
1, 41.65, 900.000000
1, 41.64, 800.000000
1, 41.63, 600.000000
1, 41.62, 800.000000
1, 41.61, 400.000000
1, 41.60, 1200.000000
1, 41.59, 300.000000
1, 41.58, 600.000000
1, 41.57, 700.000000
1, 41.56, 700.000000
1, 41.55, 1900.000000
1, 41.54, 2000.000000
1, 41.53, 500.000000
2, 41.52, 400.000000
2, 41.51, 300.000000
2, 41.50, 1300.000000
2, 41.49, 400.000000
2, 41.48, 600.000000
2, 41.47, 300.000000
2, 41.46, 600.000000
2, 41.45, 500.000000
2, 41.44, 1900.000000
2, 41.43, 900.000000
2, 41.42, 900.000000
2, 41.41, 1100.000000
2, 41.40, 1300.000000
2, 41.39, 700.000000
2, 41.38, 700.000000
@