, 20.13, 20.29
1, 21.04, 100.000000
1, 21.00, 1200.000000
1, 20.99, 100.000000
1, 20.96, 100.000000
1, 20.92, 100.000000
1, 20.90, 600.000000
1, 20.89, 100.000000
1, 20.88, 100.000000
1, 20.80, 600.000000
1, 20.78, 1500.000000
1, 20.77, 300.000000
1, 20.68, 500.000000
1, 20.65, 100.000000
1, 20.50, 100.000000
1, 20.30, 1700.000000
1, 20.29, 200.000000
2, 20.13, 100.000000
2, 20.10, 200.000000
2, 20.00, 1900.000000
2, 19.95, 100.000000
2, 19.93, 100.000000
2, 19.82, 100.000000
2, 19.81, 100.000000
2, 19.80, 1000.000000
2, 19.71, 100.000000
2, 19.70, 400.000000
2, 19.68, 100.000000
2, 19.67, 1600.000000
2, 19.65, 4000.000000
2, 19.63, 300.000000
2, 19.61, 1600.000000
@, 20.13, 20.29
1, 21.04, 100.000000
1, 21.00, 1200.000000
1, 20.99, 100.000000
1, 20.96, 100.000000
1, 20.92, 100.000000
1, 20.90, 600.000000
1, 20.89, 100.000000
1, 20.88, 100.000000
1, 20.80, 600.000000
1, 20.78, 1500.000000
1, 20.77, 300.000000
1, 20.68, 500.000000
1, 20.65, 100.000000
1, 20.50, 100.000000
1, 20.30, 1700.000000
1, 20.29, 200.000000
2, 20.13, 100.000000
2, 20.10, 200.000000
2, 20.00, 1900.000000
2, 19.95, 100.000000
2, 19.93, 100.000000
2, 19.82, 100.000000
2, 19.81, 100.000000
2, 19.80, 1000.000000
2, 19.71, 100.000000
2, 19.70, 400.000000
2, 19.68, 100.000000
2, 19.67, 1600.000000
2, 19.65, 4000.000000
2, 19.63, 300.000000
2, 19.61, 1600.000000
@, 20.13, 20.29
1, 21.04, 100.000000
1, 21.00, 1200.000000
1, 20.99, 100.000000
1, 20.96, 100.000000
1, 20.92, 100.000000
1, 20.90, 600.000000
1, 20.89, 100.000000
1, 20.88, 100.000000
1, 20.80, 600.000000
1, 20.78, 1500.000000
1, 20.77, 300.000000
1, 20.68, 500.000000
1, 20.65, 100.000000
1, 20.50, 100.000000
1, 20.30, 1700.000000
1, 20.29, 200.000000
2, 20.13, 100.000000
2, 20.10, 200.000000
2, 20.00, 1900.000000
2, 19.95, 100.000000
2, 19.93, 100.000000
2, 19.82, 100.000000
2, 19.81, 100.000000
2, 19.80, 1000.000000
2, 19.71, 100.000000
2, 19.70, 400.000000
2, 19.68, 100.000000
2, 19.67, 1600.000000
2, 19.65, 4000.000000
2, 19.63, 300.000000
2, 19.61, 1600.000000
@, 20.13, 20.29
1, 21.04, 100.000000
1, 21.00, 1200.000000
1, 20.99, 100.000000
1, 20.96, 100.000000
1, 20.92, 100.000000
1, 20.90, 600.000000
1, 20.89, 100.000000
1, 20.88, 100.000000
1, 20.80, 600.000000
1, 20.78, 1500.000000
1, 20.77, 300.000000
1, 20.68, 500.000000
1, 20.65, 100.000000
1, 20.50, 100.000000
1, 20.30, 1700.000000
1, 20.29, 200.000000
2, 20.13, 100.000000
2, 20.10, 200.000000
2, 20.00, 1900.000000
2, 19.95, 100.000000
2, 19.93, 100.000000
2, 19.82, 100.000000
2, 19.81, 100.000000
2, 19.80, 1000.000000
2, 19.71, 100.000000
2, 19.70, 400.000000
2, 19.68, 100.000000
2, 19.67, 1600.000000
2, 19.65, 4000.000000
2, 19.63, 300.000000
2, 19.61, 1600.000000
@, 20.13, 20.29
1, 21.04, 100.000000
1, 21.00, 1200.000000
1, 20.99, 100.000000
1, 20.96, 100.000000
1, 20.92, 100.000000
1, 20.90, 600.000000
1, 20.89, 100.000000
1, 20.88, 100.000000
1, 20.80, 600.000000
1, 20.78, 1500.000000
1, 20.77, 300.000000
1, 20.68, 500.000000
1, 20.65, 100.000000
1, 20.50, 100.000000
1, 20.30, 1700.000000
1, 20.29, 200.000000
2, 20.13, 100.000000
2, 20.10, 200.000000
2, 20.00, 1900.000000
2, 19.95, 100.000000
2, 19.93, 100.000000
2, 19.82, 100.000000
2, 19.81, 100.000000
2, 19.80, 1000.000000
2, 19.71, 100.000000
2, 19.70, 400.000000
2, 19.68, 100.000000
2, 19.67, 1600.000000
2, 19.65, 4000.000000
2, 19.63, 300.000000
2, 19.61, 1600.000000
@, 20.13, 20.29
1, 21.04, 100.000000
1, 21.00, 1200.000000
1, 20.99, 100.000000
1, 20.96, 100.000000
1, 20.92, 100.000000
1, 20.90, 600.000000
1, 20.89, 100.000000
1, 20.88, 100.000000
1, 20.80, 600.000000
1, 20.78, 1500.000000
1, 20.77, 300.000000
1, 20.68, 500.000000
1, 20.65, 100.000000
1, 20.50, 100.000000
1, 20.30, 1700.000000
1, 20.29, 200.000000
2, 20.13, 100.000000
2, 20.10, 200.000000
2, 20.00, 1900.000000
2, 19.95, 100.000000
2, 19.93, 100.000000
2, 19.82, 100.000000
2, 19.81, 100.000000
2, 19.80, 1000.000000
2, 19.71, 100.000000
2, 19.70, 400.000000
2, 19.68, 100.000000
2, 19.67, 1600.000000
2, 19.65, 4000.000000
2, 19.63, 300.000000
2, 19.61, 1600.000000
@, 20.13, 20.29
1, 21.04, 100.000000
1, 21.00, 1200.000000
1, 20.99, 100.000000
1, 20.96, 100.000000
1, 20.92, 100.000000
1, 20.90, 600.000000
1, 20.89, 100.000000
1, 20.88, 100.000000
1, 20.80, 600.000000
1, 20.78, 1500.000000
1, 20.77, 300.000000
1, 20.68, 500.000000
1, 20.65, 100.000000
1, 20.50, 100.000000
1, 20.30, 1700.000000
1, 20.29, 200.000000
2, 20.13, 100.000000
2, 20.10, 200.000000
2, 20.00, 1900.000000
2, 19.95, 100.000000
2, 19.93, 100.000000
2, 19.82, 100.000000
2, 19.81, 100.000000
2, 19.80, 1000.000000
2, 19.71, 100.000000
2, 19.70, 400.000000
2, 19.68, 100.000000
2, 19.67, 1600.000000
2, 19.65, 4000.000000
2, 19.63, 300.000000
2, 19.61, 1600.000000
@, 20.13, 20.29
1, 21.04, 100.000000
1, 21.00, 1200.000000
1, 20.99, 100.000000
1, 20.96, 100.000000
1, 20.92, 100.000000
1, 20.90, 600.000000
1, 20.89, 100.000000
1, 20.88, 100.000000
1, 20.80, 600.000000
1, 20.78, 1500.000000
1, 20.77, 300.000000
1, 20.68, 500.000000
1, 20.65, 100.000000
1, 20.50, 100.000000
1, 20.30, 1700.000000
1, 20.29, 200.000000
2, 20.13, 100.000000
2, 20.10, 200.000000
2, 20.00, 1900.000000
2, 19.95, 100.000000
2, 19.93, 100.000000
2, 19.82, 100.000000
2, 19.81, 100.000000
2, 19.80, 1000.000000
2, 19.71, 100.000000
2, 19.70, 400.000000
2, 19.68, 100.000000
2, 19.67, 1600.000000
2, 19.65, 4000.000000
2, 19.63, 300.000000
2, 19.61, 1600.000000
@, 20.13, 20.29
1, 21.04, 100.000000
1, 21.00, 1200.000000
1, 20.99, 100.000000
1, 20.96, 100.000000
1, 20.92, 100.000000
1, 20.90, 600.000000
1, 20.89, 100.000000
1, 20.88, 100.000000
1, 20.80, 600.000000
1, 20.78, 1500.000000
1, 20.77, 300.000000
1, 20.68, 500.000000
1, 20.65, 100.000000
1, 20.50, 100.000000
1, 20.30, 1700.000000
1, 20.29, 200.000000
2, 20.13, 100.000000
2, 20.10, 200.000000
2, 20.00, 1900.000000
2, 19.95, 100.000000
2, 19.93, 100.000000
2, 19.82, 100.000000
2, 19.81, 100.000000
2, 19.80, 1000.000000
2, 19.71, 100.000000
2, 19.70, 400.000000
2, 19.68, 100.000000
2, 19.67, 1600.000000
2, 19.65, 4000.000000
2, 19.63, 300.000000
2, 19.61, 1600.000000
@, 20.13, 20.29
1, 21.04, 100.000000
1, 21.00, 1200.000000
1, 20.99, 100.000000
1, 20.96, 100.000000
1, 20.92, 100.000000
1, 20.90, 600.000000
1, 20.89, 100.000000
1, 20.88, 100.000000
1, 20.80, 600.000000
1, 20.78, 1500.000000
1, 20.77, 300.000000
1, 20.68, 500.000000
1, 20.65, 100.000000
1, 20.50, 100.000000
1, 20.30, 1700.000000
1, 20.29, 200.000000
2, 20.13, 100.000000
2, 20.10, 200.000000
2, 20.00, 1900.000000
2, 19.95, 100.000000
2, 19.93, 100.000000
2, 19.82, 100.000000
2, 19.81, 100.000000
2, 19.80, 1000.000000
2, 19.71, 100.000000
2, 19.70, 400.000000
2, 19.68, 100.000000
2, 19.67, 1600.000000
2, 19.65, 4000.000000
2, 19.63, 300.000000
2, 19.61, 1600.000000
@