, 15.15, 15.19
1, 15.49, 400.000000
1, 15.36, 1300.000000
1, 15.35, 2400.000000
1, 15.34, 500.000000
1, 15.33, 500.000000
1, 15.30, 9800.000000
1, 15.29, 4000.000000
1, 15.27, 1000.000000
1, 15.26, 3600.000000
1, 15.25, 1600.000000
1, 15.24, 900.000000
1, 15.23, 1000.000000
1, 15.22, 900.000000
1, 15.21, 1500.000000
1, 15.20, 500.000000
1, 15.19, 500.000000
2, 15.15, 1100.000000
2, 15.14, 500.000000
2, 15.13, 500.000000
2, 15.10, 1000.000000
2, 15.08, 300.000000
2, 15.07, 500.000000
2, 15.06, 100.000000
2, 15.05, 300.000000
2, 15.03, 200.000000
2, 15.01, 700.000000
2, 15.00, 4500.000000
2, 14.99, 100.000000
2, 14.96, 500.000000
2, 14.95, 200.000000
2, 14.91, 100.000000
@, 15.15, 15.19
1, 15.49, 400.000000
1, 15.36, 1300.000000
1, 15.35, 2400.000000
1, 15.34, 500.000000
1, 15.33, 500.000000
1, 15.30, 9800.000000
1, 15.29, 4000.000000
1, 15.27, 1000.000000
1, 15.26, 3600.000000
1, 15.25, 1600.000000
1, 15.24, 900.000000
1, 15.23, 1000.000000
1, 15.22, 900.000000
1, 15.21, 1500.000000
1, 15.20, 500.000000
1, 15.19, 500.000000
2, 15.15, 1100.000000
2, 15.14, 500.000000
2, 15.13, 500.000000
2, 15.10, 1000.000000
2, 15.08, 300.000000
2, 15.07, 500.000000
2, 15.06, 100.000000
2, 15.05, 300.000000
2, 15.03, 200.000000
2, 15.01, 700.000000
2, 15.00, 4500.000000
2, 14.99, 100.000000
2, 14.96, 500.000000
2, 14.95, 200.000000
2, 14.91, 100.000000
@, 15.15, 15.19
1, 15.49, 400.000000
1, 15.36, 1300.000000
1, 15.35, 2400.000000
1, 15.34, 500.000000
1, 15.33, 500.000000
1, 15.30, 9800.000000
1, 15.29, 4000.000000
1, 15.27, 1000.000000
1, 15.26, 3600.000000
1, 15.25, 1600.000000
1, 15.24, 900.000000
1, 15.23, 1000.000000
1, 15.22, 900.000000
1, 15.21, 1500.000000
1, 15.20, 500.000000
1, 15.19, 500.000000
2, 15.15, 1100.000000
2, 15.14, 500.000000
2, 15.13, 500.000000
2, 15.10, 1000.000000
2, 15.08, 300.000000
2, 15.07, 500.000000
2, 15.06, 100.000000
2, 15.05, 300.000000
2, 15.03, 200.000000
2, 15.01, 700.000000
2, 15.00, 4500.000000
2, 14.99, 100.000000
2, 14.96, 500.000000
2, 14.95, 200.000000
2, 14.91, 100.000000
@, 15.15, 15.19
1, 15.49, 400.000000
1, 15.36, 1300.000000
1, 15.35, 2400.000000
1, 15.34, 500.000000
1, 15.33, 500.000000
1, 15.30, 9800.000000
1, 15.29, 4000.000000
1, 15.27, 1000.000000
1, 15.26, 3600.000000
1, 15.25, 1600.000000
1, 15.24, 900.000000
1, 15.23, 1000.000000
1, 15.22, 900.000000
1, 15.21, 1500.000000
1, 15.20, 500.000000
1, 15.19, 500.000000
2, 15.15, 1100.000000
2, 15.14, 500.000000
2, 15.13, 500.000000
2, 15.10, 1000.000000
2, 15.08, 300.000000
2, 15.07, 500.000000
2, 15.06, 100.000000
2, 15.05, 300.000000
2, 15.03, 200.000000
2, 15.01, 700.000000
2, 15.00, 4500.000000
2, 14.99, 100.000000
2, 14.96, 500.000000
2, 14.95, 200.000000
2, 14.91, 100.000000
@, 15.15, 15.19
1, 15.49, 400.000000
1, 15.36, 1300.000000
1, 15.35, 2400.000000
1, 15.34, 500.000000
1, 15.33, 500.000000
1, 15.30, 9800.000000
1, 15.29, 4000.000000
1, 15.27, 1000.000000
1, 15.26, 3600.000000
1, 15.25, 1600.000000
1, 15.24, 900.000000
1, 15.23, 1000.000000
1, 15.22, 900.000000
1, 15.21, 1500.000000
1, 15.20, 500.000000
1, 15.19, 500.000000
2, 15.15, 1100.000000
2, 15.14, 500.000000
2, 15.13, 500.000000
2, 15.10, 1000.000000
2, 15.08, 300.000000
2, 15.07, 500.000000
2, 15.06, 100.000000
2, 15.05, 300.000000
2, 15.03, 200.000000
2, 15.01, 700.000000
2, 15.00, 4500.000000
2, 14.99, 100.000000
2, 14.96, 500.000000
2, 14.95, 200.000000
2, 14.91, 100.000000
@, 15.15, 15.19
1, 15.49, 400.000000
1, 15.36, 1300.000000
1, 15.35, 2400.000000
1, 15.34, 500.000000
1, 15.33, 500.000000
1, 15.30, 9800.000000
1, 15.29, 4000.000000
1, 15.27, 1000.000000
1, 15.26, 3600.000000
1, 15.25, 1600.000000
1, 15.24, 900.000000
1, 15.23, 1000.000000
1, 15.22, 900.000000
1, 15.21, 1500.000000
1, 15.20, 500.000000
1, 15.19, 500.000000
2, 15.15, 1100.000000
2, 15.14, 500.000000
2, 15.13, 500.000000
2, 15.10, 1000.000000
2, 15.08, 300.000000
2, 15.07, 500.000000
2, 15.06, 100.000000
2, 15.05, 300.000000
2, 15.03, 200.000000
2, 15.01, 700.000000
2, 15.00, 4500.000000
2, 14.99, 100.000000
2, 14.96, 500.000000
2, 14.95, 200.000000
2, 14.91, 100.000000
@, 15.15, 15.19
1, 15.49, 400.000000
1, 15.36, 1300.000000
1, 15.35, 2400.000000
1, 15.34, 500.000000
1, 15.33, 500.000000
1, 15.30, 9800.000000
1, 15.29, 4000.000000
1, 15.27, 1000.000000
1, 15.26, 3600.000000
1, 15.25, 1600.000000
1, 15.24, 900.000000
1, 15.23, 1000.000000
1, 15.22, 900.000000
1, 15.21, 1500.000000
1, 15.20, 500.000000
1, 15.19, 500.000000
2, 15.15, 1100.000000
2, 15.14, 500.000000
2, 15.13, 500.000000
2, 15.10, 1000.000000
2, 15.08, 300.000000
2, 15.07, 500.000000
2, 15.06, 100.000000
2, 15.05, 300.000000
2, 15.03, 200.000000
2, 15.01, 700.000000
2, 15.00, 4500.000000
2, 14.99, 100.000000
2, 14.96, 500.000000
2, 14.95, 200.000000
2, 14.91, 100.000000
@, 15.15, 15.19
1, 15.49, 400.000000
1, 15.36, 1300.000000
1, 15.35, 2400.000000
1, 15.34, 500.000000
1, 15.33, 500.000000
1, 15.30, 9800.000000
1, 15.29, 4000.000000
1, 15.27, 1000.000000
1, 15.26, 3600.000000
1, 15.25, 1600.000000
1, 15.24, 900.000000
1, 15.23, 1000.000000
1, 15.22, 900.000000
1, 15.21, 1500.000000
1, 15.20, 500.000000
1, 15.19, 500.000000
2, 15.15, 1100.000000
2, 15.14, 500.000000
2, 15.13, 500.000000
2, 15.10, 1000.000000
2, 15.08, 300.000000
2, 15.07, 500.000000
2, 15.06, 100.000000
2, 15.05, 300.000000
2, 15.03, 200.000000
2, 15.01, 700.000000
2, 15.00, 4500.000000
2, 14.99, 100.000000
2, 14.96, 500.000000
2, 14.95, 200.000000
2, 14.91, 100.000000
@, 15.15, 15.19
1, 15.49, 400.000000
1, 15.36, 1300.000000
1, 15.35, 2400.000000
1, 15.34, 500.000000
1, 15.33, 500.000000
1, 15.30, 9800.000000
1, 15.29, 4000.000000
1, 15.27, 1000.000000
1, 15.26, 3600.000000
1, 15.25, 1600.000000
1, 15.24, 900.000000
1, 15.23, 1000.000000
1, 15.22, 900.000000
1, 15.21, 1500.000000
1, 15.20, 500.000000
1, 15.19, 500.000000
2, 15.15, 1100.000000
2, 15.14, 500.000000
2, 15.13, 500.000000
2, 15.10, 1000.000000
2, 15.08, 300.000000
2, 15.07, 500.000000
2, 15.06, 100.000000
2, 15.05, 300.000000
2, 15.03, 200.000000
2, 15.01, 700.000000
2, 15.00, 4500.000000
2, 14.99, 100.000000
2, 14.96, 500.000000
2, 14.95, 200.000000
2, 14.91, 100.000000
@, 15.15, 15.19
1, 15.49, 400.000000
1, 15.36, 1300.000000
1, 15.35, 2400.000000
1, 15.34, 500.000000
1, 15.33, 500.000000
1, 15.30, 9800.000000
1, 15.29, 4000.000000
1, 15.27, 1000.000000
1, 15.26, 3600.000000
1, 15.25, 1600.000000
1, 15.24, 900.000000
1, 15.23, 1000.000000
1, 15.22, 900.000000
1, 15.21, 1500.000000
1, 15.20, 500.000000
1, 15.19, 500.000000
2, 15.15, 1100.000000
2, 15.14, 500.000000
2, 15.13, 500.000000
2, 15.10, 1000.000000
2, 15.08, 300.000000
2, 15.07, 500.000000
2, 15.06, 100.000000
2, 15.05, 300.000000
2, 15.03, 200.000000
2, 15.01, 700.000000
2, 15.00, 4500.000000
2, 14.99, 100.000000
2, 14.96, 500.000000
2, 14.95, 200.000000
2, 14.91, 100.000000
@