, 5.59, 5.61
1, 5.77, 1300.000000
1, 5.76, 2200.000000
1, 5.75, 4400.000000
1, 5.74, 1200.000000
1, 5.73, 1200.000000
1, 5.72, 1400.000000
1, 5.71, 1800.000000
1, 5.70, 29100.000000
1, 5.69, 8100.000000
1, 5.68, 2200.000000
1, 5.67, 14200.000000
1, 5.65, 16900.000000
1, 5.64, 4600.000000
1, 5.63, 3500.000000
1, 5.62, 10300.000000
1, 5.61, 300.000000
2, 5.59, 1500.000000
2, 5.58, 1600.000000
2, 5.57, 1600.000000
2, 5.56, 2200.000000
2, 5.55, 9400.000000
2, 5.54, 400.000000
2, 5.53, 1200.000000
2, 5.52, 1400.000000
2, 5.51, 6700.000000
2, 5.50, 1200.000000
2, 5.49, 6200.000000
2, 5.48, 1200.000000
2, 5.47, 1200.000000
2, 5.46, 1500.000000
2, 5.45, 16400.000000
@, 5.59, 5.61
1, 5.77, 1300.000000
1, 5.76, 2200.000000
1, 5.75, 4400.000000
1, 5.74, 1200.000000
1, 5.73, 1200.000000
1, 5.72, 1400.000000
1, 5.71, 1800.000000
1, 5.70, 29100.000000
1, 5.69, 8100.000000
1, 5.68, 2200.000000
1, 5.67, 14200.000000
1, 5.65, 16900.000000
1, 5.64, 4600.000000
1, 5.63, 3500.000000
1, 5.62, 10300.000000
1, 5.61, 300.000000
2, 5.59, 1500.000000
2, 5.58, 1600.000000
2, 5.57, 1600.000000
2, 5.56, 2200.000000
2, 5.55, 9400.000000
2, 5.54, 400.000000
2, 5.53, 1200.000000
2, 5.52, 1400.000000
2, 5.51, 6700.000000
2, 5.50, 1200.000000
2, 5.49, 6200.000000
2, 5.48, 1200.000000
2, 5.47, 1200.000000
2, 5.46, 1500.000000
2, 5.45, 16400.000000
@, 5.59, 5.61
1, 5.77, 1300.000000
1, 5.76, 2200.000000
1, 5.75, 4400.000000
1, 5.74, 1200.000000
1, 5.73, 1200.000000
1, 5.72, 1400.000000
1, 5.71, 1800.000000
1, 5.70, 29100.000000
1, 5.69, 8100.000000
1, 5.68, 2200.000000
1, 5.67, 14200.000000
1, 5.65, 16900.000000
1, 5.64, 4600.000000
1, 5.63, 3500.000000
1, 5.62, 10300.000000
1, 5.61, 300.000000
2, 5.59, 1500.000000
2, 5.58, 1600.000000
2, 5.57, 1600.000000
2, 5.56, 2200.000000
2, 5.55, 9400.000000
2, 5.54, 400.000000
2, 5.53, 1200.000000
2, 5.52, 1400.000000
2, 5.51, 6700.000000
2, 5.50, 1200.000000
2, 5.49, 6200.000000
2, 5.48, 1200.000000
2, 5.47, 1200.000000
2, 5.46, 1500.000000
2, 5.45, 16400.000000
@, 5.59, 5.61
1, 5.77, 1300.000000
1, 5.76, 2200.000000
1, 5.75, 4400.000000
1, 5.74, 1200.000000
1, 5.73, 1200.000000
1, 5.72, 1400.000000
1, 5.71, 1800.000000
1, 5.70, 29100.000000
1, 5.69, 8100.000000
1, 5.68, 2200.000000
1, 5.67, 14200.000000
1, 5.65, 16900.000000
1, 5.64, 4600.000000
1, 5.63, 3500.000000
1, 5.62, 10300.000000
1, 5.61, 300.000000
2, 5.59, 1500.000000
2, 5.58, 1600.000000
2, 5.57, 1600.000000
2, 5.56, 2200.000000
2, 5.55, 9400.000000
2, 5.54, 400.000000
2, 5.53, 1200.000000
2, 5.52, 1400.000000
2, 5.51, 6700.000000
2, 5.50, 1200.000000
2, 5.49, 6200.000000
2, 5.48, 1200.000000
2, 5.47, 1200.000000
2, 5.46, 1500.000000
2, 5.45, 16400.000000
@, 5.59, 5.61
1, 5.77, 1300.000000
1, 5.76, 2200.000000
1, 5.75, 4400.000000
1, 5.74, 1200.000000
1, 5.73, 1200.000000
1, 5.72, 1400.000000
1, 5.71, 1800.000000
1, 5.70, 29100.000000
1, 5.69, 8100.000000
1, 5.68, 2200.000000
1, 5.67, 14200.000000
1, 5.65, 16900.000000
1, 5.64, 4600.000000
1, 5.63, 3500.000000
1, 5.62, 10300.000000
1, 5.61, 300.000000
2, 5.59, 1500.000000
2, 5.58, 1600.000000
2, 5.57, 1600.000000
2, 5.56, 2200.000000
2, 5.55, 9400.000000
2, 5.54, 400.000000
2, 5.53, 1200.000000
2, 5.52, 1400.000000
2, 5.51, 6700.000000
2, 5.50, 1200.000000
2, 5.49, 6200.000000
2, 5.48, 1200.000000
2, 5.47, 1200.000000
2, 5.46, 1500.000000
2, 5.45, 16400.000000
@, 5.59, 5.61
1, 5.76, 2200.000000
1, 5.75, 4400.000000
1, 5.74, 1200.000000
1, 5.73, 1200.000000
1, 5.72, 1400.000000
1, 5.71, 1800.000000
1, 5.70, 29100.000000
1, 5.69, 8100.000000
1, 5.68, 2200.000000
1, 5.67, 14200.000000
1, 5.66, 1000.000000
1, 5.65, 16900.000000
1, 5.64, 4600.000000
1, 5.63, 3500.000000
1, 5.62, 10300.000000
1, 5.61, 300.000000
2, 5.59, 1500.000000
2, 5.58, 1600.000000
2, 5.57, 1600.000000
2, 5.56, 2200.000000
2, 5.55, 9400.000000
2, 5.54, 400.000000
2, 5.53, 1200.000000
2, 5.52, 1400.000000
2, 5.51, 6700.000000
2, 5.50, 1200.000000
2, 5.49, 6200.000000
2, 5.48, 1200.000000
2, 5.47, 1200.000000
2, 5.46, 1500.000000
2, 5.45, 16400.000000
@, 5.59, 5.61
1, 5.76, 2200.000000
1, 5.75, 4400.000000
1, 5.74, 1200.000000
1, 5.73, 1200.000000
1, 5.72, 1400.000000
1, 5.71, 1800.000000
1, 5.70, 29100.000000
1, 5.69, 8100.000000
1, 5.68, 2200.000000
1, 5.67, 14200.000000
1, 5.66, 1000.000000
1, 5.65, 16900.000000
1, 5.64, 4600.000000
1, 5.63, 3500.000000
1, 5.62, 10300.000000
1, 5.61, 300.000000
2, 5.59, 1500.000000
2, 5.58, 1600.000000
2, 5.57, 1600.000000
2, 5.56, 2200.000000
2, 5.55, 9400.000000
2, 5.54, 400.000000
2, 5.53, 1200.000000
2, 5.52, 1400.000000
2, 5.51, 6700.000000
2, 5.50, 1200.000000
2, 5.49, 6200.000000
2, 5.48, 1200.000000
2, 5.47, 1200.000000
2, 5.46, 1500.000000
2, 5.45, 16400.000000
@, 5.59, 5.61
1, 5.76, 2200.000000
1, 5.75, 4400.000000
1, 5.74, 1200.000000
1, 5.73, 1200.000000
1, 5.72, 1400.000000
1, 5.71, 1800.000000
1, 5.70, 29100.000000
1, 5.69, 8100.000000
1, 5.68, 2200.000000
1, 5.67, 14200.000000
1, 5.66, 1000.000000
1, 5.65, 16900.000000
1, 5.64, 4600.000000
1, 5.63, 3500.000000
1, 5.62, 10300.000000
1, 5.61, 300.000000
2, 5.59, 1500.000000
2, 5.58, 1600.000000
2, 5.57, 1600.000000
2, 5.56, 2200.000000
2, 5.55, 9400.000000
2, 5.54, 400.000000
2, 5.53, 1200.000000
2, 5.52, 1400.000000
2, 5.51, 6700.000000
2, 5.50, 1200.000000
2, 5.49, 6200.000000
2, 5.48, 1200.000000
2, 5.47, 1200.000000
2, 5.46, 1500.000000
2, 5.45, 16400.000000
@, 5.59, 5.61
1, 5.76, 2200.000000
1, 5.75, 4400.000000
1, 5.74, 1200.000000
1, 5.73, 1200.000000
1, 5.72, 1400.000000
1, 5.71, 1800.000000
1, 5.70, 29100.000000
1, 5.69, 8100.000000
1, 5.68, 2200.000000
1, 5.67, 14200.000000
1, 5.66, 1000.000000
1, 5.65, 16900.000000
1, 5.64, 4600.000000
1, 5.63, 3500.000000
1, 5.62, 10300.000000
1, 5.61, 300.000000
2, 5.59, 1500.000000
2, 5.58, 1600.000000
2, 5.57, 1600.000000
2, 5.56, 2200.000000
2, 5.55, 9400.000000
2, 5.54, 400.000000
2, 5.53, 1200.000000
2, 5.52, 1400.000000
2, 5.51, 6700.000000
2, 5.50, 1200.000000
2, 5.49, 6200.000000
2, 5.48, 1200.000000
2, 5.47, 1200.000000
2, 5.46, 1500.000000
2, 5.45, 16400.000000
@, 5.59, 5.61
1, 5.76, 2200.000000
1, 5.75, 4400.000000
1, 5.74, 1200.000000
1, 5.73, 1200.000000
1, 5.72, 1400.000000
1, 5.71, 1800.000000
1, 5.70, 29100.000000
1, 5.69, 8100.000000
1, 5.68, 2200.000000
1, 5.67, 14200.000000
1, 5.66, 1000.000000
1, 5.65, 16900.000000
1, 5.64, 4600.000000
1, 5.63, 3500.000000
1, 5.62, 10300.000000
1, 5.61, 300.000000
2, 5.59, 1500.000000
2, 5.58, 1600.000000
2, 5.57, 1600.000000
2, 5.56, 2200.000000
2, 5.55, 9400.000000
2, 5.54, 400.000000
2, 5.53, 1200.000000
2, 5.52, 1400.000000
2, 5.51, 6700.000000
2, 5.50, 1200.000000
2, 5.49, 6200.000000
2, 5.48, 1200.000000
2, 5.47, 1200.000000
2, 5.46, 1500.000000
2, 5.45, 16400.000000
@