, 5.08, 5.12
1, 5.45, 10300.000000
1, 5.40, 1500.000000
1, 5.35, 200.000000
1, 5.30, 19500.000000
1, 5.27, 500.000000
1, 5.26, 100.000000
1, 5.25, 1300.000000
1, 5.20, 10100.000000
1, 5.19, 4500.000000
1, 5.18, 3200.000000
1, 5.17, 2100.000000
1, 5.16, 900.000000
1, 5.15, 3500.000000
1, 5.14, 1000.000000
1, 5.13, 1000.000000
1, 5.12, 900.000000
2, 5.08, 100.000000
2, 5.07, 1100.000000
2, 5.05, 7000.000000
2, 5.04, 10000.000000
2, 5.01, 7900.000000
2, 4.99, 1000.000000
2, 4.97, 1500.000000
2, 4.96, 100.000000
2, 4.95, 3000.000000
2, 4.92, 600.000000
2, 4.91, 700.000000
2, 4.90, 2400.000000
2, 4.84, 100.000000
2, 4.80, 200.000000
2, 4.78, 7200.000000
@, 5.08, 5.12
1, 5.45, 10300.000000
1, 5.40, 1500.000000
1, 5.35, 200.000000
1, 5.30, 19500.000000
1, 5.27, 500.000000
1, 5.26, 100.000000
1, 5.25, 1300.000000
1, 5.20, 10100.000000
1, 5.19, 4500.000000
1, 5.18, 3200.000000
1, 5.17, 2100.000000
1, 5.16, 900.000000
1, 5.15, 3500.000000
1, 5.14, 1000.000000
1, 5.13, 1000.000000
1, 5.12, 900.000000
2, 5.08, 100.000000
2, 5.07, 1100.000000
2, 5.05, 7000.000000
2, 5.04, 10000.000000
2, 5.01, 7900.000000
2, 4.99, 1000.000000
2, 4.97, 1500.000000
2, 4.96, 100.000000
2, 4.95, 3000.000000
2, 4.92, 600.000000
2, 4.91, 700.000000
2, 4.90, 2400.000000
2, 4.84, 100.000000
2, 4.80, 200.000000
2, 4.78, 7200.000000
@, 5.08, 5.12
1, 5.45, 10300.000000
1, 5.40, 1500.000000
1, 5.35, 200.000000
1, 5.30, 19500.000000
1, 5.27, 500.000000
1, 5.26, 100.000000
1, 5.25, 1300.000000
1, 5.20, 10100.000000
1, 5.19, 4500.000000
1, 5.18, 3200.000000
1, 5.17, 2100.000000
1, 5.16, 900.000000
1, 5.15, 3500.000000
1, 5.14, 1000.000000
1, 5.13, 1000.000000
1, 5.12, 900.000000
2, 5.08, 100.000000
2, 5.07, 1100.000000
2, 5.05, 7000.000000
2, 5.04, 10000.000000
2, 5.01, 7900.000000
2, 4.99, 1000.000000
2, 4.97, 1500.000000
2, 4.96, 100.000000
2, 4.95, 3000.000000
2, 4.92, 600.000000
2, 4.91, 700.000000
2, 4.90, 2400.000000
2, 4.84, 100.000000
2, 4.80, 200.000000
2, 4.78, 7200.000000
@, 5.08, 5.12
1, 5.45, 10300.000000
1, 5.40, 1500.000000
1, 5.35, 200.000000
1, 5.30, 19500.000000
1, 5.27, 500.000000
1, 5.26, 100.000000
1, 5.25, 1300.000000
1, 5.20, 10100.000000
1, 5.19, 4500.000000
1, 5.18, 3200.000000
1, 5.17, 2100.000000
1, 5.16, 900.000000
1, 5.15, 3500.000000
1, 5.14, 1000.000000
1, 5.13, 1000.000000
1, 5.12, 900.000000
2, 5.08, 100.000000
2, 5.07, 1100.000000
2, 5.05, 7000.000000
2, 5.04, 10000.000000
2, 5.01, 7900.000000
2, 4.99, 1000.000000
2, 4.97, 1500.000000
2, 4.96, 100.000000
2, 4.95, 3000.000000
2, 4.92, 600.000000
2, 4.91, 700.000000
2, 4.90, 2400.000000
2, 4.84, 100.000000
2, 4.80, 200.000000
2, 4.78, 7200.000000
@, 5.08, 5.12
1, 5.45, 10300.000000
1, 5.40, 1500.000000
1, 5.35, 200.000000
1, 5.30, 19500.000000
1, 5.27, 500.000000
1, 5.26, 100.000000
1, 5.25, 1300.000000
1, 5.20, 10100.000000
1, 5.19, 4500.000000
1, 5.18, 3200.000000
1, 5.17, 2100.000000
1, 5.16, 900.000000
1, 5.15, 3500.000000
1, 5.14, 1000.000000
1, 5.13, 1000.000000
1, 5.12, 900.000000
2, 5.08, 100.000000
2, 5.07, 1100.000000
2, 5.05, 7000.000000
2, 5.04, 10000.000000
2, 5.01, 7900.000000
2, 4.99, 1000.000000
2, 4.97, 1500.000000
2, 4.96, 100.000000
2, 4.95, 3000.000000
2, 4.92, 600.000000
2, 4.91, 700.000000
2, 4.90, 2400.000000
2, 4.84, 100.000000
2, 4.80, 200.000000
2, 4.78, 7200.000000
@, 5.08, 5.12
1, 5.45, 10300.000000
1, 5.40, 1500.000000
1, 5.35, 200.000000
1, 5.30, 19500.000000
1, 5.27, 500.000000
1, 5.26, 100.000000
1, 5.25, 1300.000000
1, 5.20, 10100.000000
1, 5.19, 4500.000000
1, 5.18, 3200.000000
1, 5.17, 2100.000000
1, 5.16, 900.000000
1, 5.15, 3500.000000
1, 5.14, 1000.000000
1, 5.13, 1000.000000
1, 5.12, 900.000000
2, 5.08, 100.000000
2, 5.07, 1100.000000
2, 5.05, 7000.000000
2, 5.04, 10000.000000
2, 5.01, 7900.000000
2, 4.99, 1000.000000
2, 4.97, 1500.000000
2, 4.96, 100.000000
2, 4.95, 3000.000000
2, 4.92, 600.000000
2, 4.91, 700.000000
2, 4.90, 2400.000000
2, 4.84, 100.000000
2, 4.80, 200.000000
2, 4.78, 7200.000000
@, 5.08, 5.12
1, 5.45, 10300.000000
1, 5.40, 1500.000000
1, 5.35, 200.000000
1, 5.30, 19500.000000
1, 5.27, 500.000000
1, 5.26, 100.000000
1, 5.25, 1300.000000
1, 5.20, 10100.000000
1, 5.19, 4500.000000
1, 5.18, 3200.000000
1, 5.17, 2100.000000
1, 5.16, 900.000000
1, 5.15, 3500.000000
1, 5.14, 1000.000000
1, 5.13, 1000.000000
1, 5.12, 900.000000
2, 5.08, 100.000000
2, 5.07, 1100.000000
2, 5.05, 7000.000000
2, 5.04, 10000.000000
2, 5.01, 7900.000000
2, 4.99, 1000.000000
2, 4.97, 1500.000000
2, 4.96, 100.000000
2, 4.95, 3000.000000
2, 4.92, 600.000000
2, 4.91, 700.000000
2, 4.90, 2400.000000
2, 4.84, 100.000000
2, 4.80, 200.000000
2, 4.78, 7200.000000
@, 5.08, 5.12
1, 5.45, 10300.000000
1, 5.40, 1500.000000
1, 5.35, 200.000000
1, 5.30, 19500.000000
1, 5.27, 500.000000
1, 5.26, 100.000000
1, 5.25, 1300.000000
1, 5.20, 10100.000000
1, 5.19, 4500.000000
1, 5.18, 3200.000000
1, 5.17, 2100.000000
1, 5.16, 900.000000
1, 5.15, 3500.000000
1, 5.14, 1000.000000
1, 5.13, 1000.000000
1, 5.12, 900.000000
2, 5.08, 100.000000
2, 5.07, 1100.000000
2, 5.05, 7000.000000
2, 5.04, 10000.000000
2, 5.01, 7900.000000
2, 4.99, 1000.000000
2, 4.97, 1500.000000
2, 4.96, 100.000000
2, 4.95, 3000.000000
2, 4.92, 600.000000
2, 4.91, 700.000000
2, 4.90, 2400.000000
2, 4.84, 100.000000
2, 4.80, 200.000000
2, 4.78, 7200.000000
@, 5.08, 5.12
1, 5.45, 10300.000000
1, 5.40, 1500.000000
1, 5.35, 200.000000
1, 5.30, 19500.000000
1, 5.27, 500.000000
1, 5.26, 100.000000
1, 5.25, 1300.000000
1, 5.20, 10100.000000
1, 5.19, 4500.000000
1, 5.18, 3200.000000
1, 5.17, 2100.000000
1, 5.16, 900.000000
1, 5.15, 3500.000000
1, 5.14, 1000.000000
1, 5.13, 1000.000000
1, 5.12, 900.000000
2, 5.08, 100.000000
2, 5.07, 1100.000000
2, 5.05, 7000.000000
2, 5.04, 10000.000000
2, 5.01, 7900.000000
2, 4.99, 1000.000000
2, 4.97, 1500.000000
2, 4.96, 100.000000
2, 4.95, 3000.000000
2, 4.92, 600.000000
2, 4.91, 700.000000
2, 4.90, 2400.000000
2, 4.84, 100.000000
2, 4.80, 200.000000
2, 4.78, 7200.000000
@, 5.08, 5.12
1, 5.45, 10300.000000
1, 5.40, 1500.000000
1, 5.35, 200.000000
1, 5.30, 19500.000000
1, 5.27, 500.000000
1, 5.26, 100.000000
1, 5.25, 1300.000000
1, 5.20, 10100.000000
1, 5.19, 4500.000000
1, 5.18, 3200.000000
1, 5.17, 2100.000000
1, 5.16, 900.000000
1, 5.15, 3500.000000
1, 5.14, 1000.000000
1, 5.13, 1000.000000
1, 5.12, 900.000000
2, 5.08, 100.000000
2, 5.07, 1100.000000
2, 5.05, 7000.000000
2, 5.04, 10000.000000
2, 5.01, 7900.000000
2, 4.99, 1000.000000
2, 4.97, 1500.000000
2, 4.96, 100.000000
2, 4.95, 3000.000000
2, 4.92, 600.000000
2, 4.91, 700.000000
2, 4.90, 2400.000000
2, 4.84, 100.000000
2, 4.80, 200.000000
2, 4.78, 7200.000000
@