, 39.20, 47.00
1, 48.00, 200.000000
1, 47.00, 100.000000
2, 39.20, 100.000000
2, 35.71, 100.000000
2, 35.70, 100.000000
2, 35.00, 200.000000
@, 39.20, 47.00
1, 48.00, 200.000000
1, 47.00, 100.000000
2, 39.20, 100.000000
2, 35.71, 100.000000
2, 35.70, 100.000000
2, 35.00, 200.000000
@, 39.20, 47.00
1, 48.00, 200.000000
1, 47.00, 100.000000
2, 39.20, 100.000000
2, 35.71, 100.000000
2, 35.70, 100.000000
2, 35.00, 200.000000
@, 39.20, 47.00
1, 48.00, 200.000000
1, 47.00, 100.000000
2, 39.20, 100.000000
2, 35.71, 100.000000
2, 35.70, 100.000000
2, 35.00, 200.000000
@, 39.20, 47.00
1, 48.00, 200.000000
1, 47.00, 100.000000
2, 39.20, 100.000000
2, 35.71, 100.000000
2, 35.70, 100.000000
2, 35.00, 200.000000
@, 39.20, 47.00
1, 48.00, 200.000000
1, 47.00, 100.000000
2, 39.20, 100.000000
2, 35.71, 100.000000
2, 35.70, 100.000000
2, 35.00, 200.000000
@, 39.20, 47.00
1, 48.00, 200.000000
1, 47.00, 100.000000
2, 39.20, 100.000000
2, 35.71, 100.000000
2, 35.70, 100.000000
2, 35.00, 200.000000
@, 39.20, 47.00
1, 48.00, 200.000000
1, 47.00, 100.000000
2, 39.20, 100.000000
2, 35.71, 100.000000
2, 35.70, 100.000000
2, 35.00, 200.000000
@, 39.20, 47.00
1, 48.00, 200.000000
1, 47.00, 100.000000
2, 39.20, 100.000000
2, 35.71, 100.000000
2, 35.70, 100.000000
2, 35.00, 200.000000
@, 39.20, 47.00
1, 48.00, 200.000000
1, 47.00, 100.000000
2, 39.20, 100.000000
2, 35.71, 100.000000
2, 35.70, 100.000000
2, 35.00, 200.000000
@