, 9.00, 11.00
1, 12.50, 100.000000
1, 11.00, 100.000000
2, 9.00, 5000.000000
2, 8.81, 100.000000
2, 8.80, 5000.000000
2, 8.00, 5000.000000
@, 9.00, 11.00
1, 12.50, 100.000000
1, 11.00, 100.000000
2, 9.00, 5000.000000
2, 8.81, 100.000000
2, 8.80, 5000.000000
2, 8.00, 5000.000000
@, 9.00, 11.00
1, 12.50, 100.000000
1, 11.00, 100.000000
2, 9.00, 5000.000000
2, 8.81, 100.000000
2, 8.80, 5000.000000
2, 8.00, 5000.000000
@, 9.00, 11.00
1, 12.50, 100.000000
1, 11.00, 100.000000
2, 9.00, 5000.000000
2, 8.81, 100.000000
2, 8.80, 5000.000000
2, 8.00, 5000.000000
@, 9.00, 11.00
1, 12.50, 100.000000
1, 11.00, 100.000000
2, 9.00, 5000.000000
2, 8.81, 100.000000
2, 8.80, 5000.000000
2, 8.00, 5000.000000
@, 9.00, 11.00
1, 12.50, 100.000000
1, 11.00, 100.000000
2, 9.00, 5000.000000
2, 8.81, 100.000000
2, 8.80, 5000.000000
2, 8.00, 5000.000000
@, 9.00, 11.00
1, 12.50, 100.000000
1, 11.00, 100.000000
2, 9.00, 5000.000000
2, 8.81, 100.000000
2, 8.80, 5000.000000
2, 8.00, 5000.000000
@, 9.00, 11.00
1, 12.50, 100.000000
1, 11.00, 100.000000
2, 9.00, 5000.000000
2, 8.81, 100.000000
2, 8.80, 5000.000000
2, 8.00, 5000.000000
@, 9.00, 11.00
1, 12.50, 100.000000
1, 11.00, 100.000000
2, 9.00, 5000.000000
2, 8.81, 100.000000
2, 8.80, 5000.000000
2, 8.00, 5000.000000
@, 9.00, 11.00
1, 12.50, 100.000000
1, 11.00, 100.000000
2, 9.00, 5000.000000
2, 8.81, 100.000000
2, 8.80, 5000.000000
2, 8.00, 5000.000000
@