, 9.70, 9.71
1, 9.86, 61800.000000
1, 9.85, 55800.000000
1, 9.84, 108900.000000
1, 9.83, 74700.000000
1, 9.82, 133300.000000
1, 9.81, 41100.000000
1, 9.80, 51500.000000
1, 9.79, 27300.000000
1, 9.78, 26300.000000
1, 9.77, 32400.000000
1, 9.76, 29900.000000
1, 9.75, 31900.000000
1, 9.74, 88800.000000
1, 9.73, 34600.000000
1, 9.72, 19600.000000
1, 9.71, 10800.000000
2, 9.70, 19800.000000
2, 9.69, 41600.000000
2, 9.68, 48100.000000
2, 9.67, 105400.000000
2, 9.66, 29800.000000
2, 9.65, 52800.000000
2, 9.64, 24300.000000
2, 9.63, 61700.000000
2, 9.62, 27200.000000
2, 9.61, 40900.000000
2, 9.60, 120400.000000
2, 9.59, 39900.000000
2, 9.58, 25700.000000
2, 9.57, 32600.000000
2, 9.56, 31200.000000
@, 9.70, 9.71
1, 9.86, 61800.000000
1, 9.85, 55800.000000
1, 9.84, 108900.000000
1, 9.83, 74700.000000
1, 9.82, 133300.000000
1, 9.81, 41100.000000
1, 9.80, 51500.000000
1, 9.79, 27300.000000
1, 9.78, 26300.000000
1, 9.77, 32400.000000
1, 9.76, 29900.000000
1, 9.75, 31900.000000
1, 9.74, 88800.000000
1, 9.73, 34600.000000
1, 9.72, 19600.000000
1, 9.71, 10800.000000
2, 9.70, 19800.000000
2, 9.69, 41600.000000
2, 9.68, 48100.000000
2, 9.67, 105400.000000
2, 9.66, 29800.000000
2, 9.65, 52800.000000
2, 9.64, 24300.000000
2, 9.63, 61700.000000
2, 9.62, 27200.000000
2, 9.61, 40900.000000
2, 9.60, 120400.000000
2, 9.59, 39900.000000
2, 9.58, 25700.000000
2, 9.57, 32600.000000
2, 9.56, 31200.000000
@, 9.70, 9.71
1, 9.86, 61800.000000
1, 9.85, 55800.000000
1, 9.84, 108900.000000
1, 9.83, 74700.000000
1, 9.82, 133300.000000
1, 9.81, 41100.000000
1, 9.80, 51500.000000
1, 9.79, 27300.000000
1, 9.78, 26300.000000
1, 9.77, 32400.000000
1, 9.76, 29900.000000
1, 9.75, 31900.000000
1, 9.74, 88800.000000
1, 9.73, 34600.000000
1, 9.72, 19600.000000
1, 9.71, 10800.000000
2, 9.70, 19800.000000
2, 9.69, 41600.000000
2, 9.68, 48100.000000
2, 9.67, 105400.000000
2, 9.66, 29800.000000
2, 9.65, 52800.000000
2, 9.64, 24300.000000
2, 9.63, 61700.000000
2, 9.62, 27200.000000
2, 9.61, 40900.000000
2, 9.60, 120400.000000
2, 9.59, 39900.000000
2, 9.58, 25700.000000
2, 9.57, 32600.000000
2, 9.56, 31200.000000
@, 9.70, 9.71
1, 9.86, 61800.000000
1, 9.85, 55800.000000
1, 9.84, 108900.000000
1, 9.83, 74700.000000
1, 9.82, 133300.000000
1, 9.81, 41100.000000
1, 9.80, 51500.000000
1, 9.79, 27300.000000
1, 9.78, 26300.000000
1, 9.77, 32400.000000
1, 9.76, 29900.000000
1, 9.75, 31900.000000
1, 9.74, 88800.000000
1, 9.73, 34600.000000
1, 9.72, 19600.000000
1, 9.71, 10800.000000
2, 9.70, 19800.000000
2, 9.69, 41600.000000
2, 9.68, 48100.000000
2, 9.67, 105400.000000
2, 9.66, 29800.000000
2, 9.65, 52800.000000
2, 9.64, 24300.000000
2, 9.63, 61700.000000
2, 9.62, 27200.000000
2, 9.61, 40900.000000
2, 9.60, 120400.000000
2, 9.59, 39900.000000
2, 9.58, 25700.000000
2, 9.57, 32600.000000
2, 9.56, 31200.000000
@, 9.70, 9.71
1, 9.86, 61800.000000
1, 9.85, 55800.000000
1, 9.84, 108900.000000
1, 9.83, 74700.000000
1, 9.82, 133300.000000
1, 9.81, 41100.000000
1, 9.80, 51500.000000
1, 9.79, 27300.000000
1, 9.78, 26300.000000
1, 9.77, 32400.000000
1, 9.76, 29900.000000
1, 9.75, 31900.000000
1, 9.74, 88800.000000
1, 9.73, 34600.000000
1, 9.72, 19600.000000
1, 9.71, 10800.000000
2, 9.70, 19800.000000
2, 9.69, 41600.000000
2, 9.68, 48100.000000
2, 9.67, 105400.000000
2, 9.66, 29800.000000
2, 9.65, 52800.000000
2, 9.64, 24300.000000
2, 9.63, 61700.000000
2, 9.62, 27200.000000
2, 9.61, 40900.000000
2, 9.60, 120400.000000
2, 9.59, 39900.000000
2, 9.58, 25700.000000
2, 9.57, 32600.000000
2, 9.56, 31200.000000
@, 9.70, 9.71
1, 9.86, 61800.000000
1, 9.85, 55800.000000
1, 9.84, 108900.000000
1, 9.83, 74700.000000
1, 9.82, 133300.000000
1, 9.81, 41100.000000
1, 9.80, 51500.000000
1, 9.79, 27300.000000
1, 9.78, 26300.000000
1, 9.77, 32400.000000
1, 9.76, 29900.000000
1, 9.75, 31900.000000
1, 9.74, 88800.000000
1, 9.73, 34600.000000
1, 9.72, 19600.000000
1, 9.71, 10800.000000
2, 9.70, 19800.000000
2, 9.69, 41600.000000
2, 9.68, 48100.000000
2, 9.67, 105400.000000
2, 9.66, 29800.000000
2, 9.65, 52800.000000
2, 9.64, 24300.000000
2, 9.63, 61700.000000
2, 9.62, 27200.000000
2, 9.61, 40900.000000
2, 9.60, 120400.000000
2, 9.59, 39900.000000
2, 9.58, 25700.000000
2, 9.57, 32600.000000
2, 9.56, 31200.000000
@, 9.70, 9.71
1, 9.86, 61800.000000
1, 9.85, 55800.000000
1, 9.84, 108900.000000
1, 9.83, 74700.000000
1, 9.82, 133300.000000
1, 9.81, 41100.000000
1, 9.80, 51500.000000
1, 9.79, 27300.000000
1, 9.78, 26300.000000
1, 9.77, 32400.000000
1, 9.76, 29900.000000
1, 9.75, 31900.000000
1, 9.74, 88800.000000
1, 9.73, 34600.000000
1, 9.72, 19600.000000
1, 9.71, 10800.000000
2, 9.70, 19500.000000
2, 9.69, 41600.000000
2, 9.68, 48100.000000
2, 9.67, 105400.000000
2, 9.66, 29800.000000
2, 9.65, 52800.000000
2, 9.64, 24300.000000
2, 9.63, 61700.000000
2, 9.62, 27200.000000
2, 9.61, 40900.000000
2, 9.60, 120400.000000
2, 9.59, 39900.000000
2, 9.58, 25700.000000
2, 9.57, 32600.000000
2, 9.56, 31200.000000
@, 9.70, 9.71
1, 9.86, 61800.000000
1, 9.85, 55800.000000
1, 9.84, 108900.000000
1, 9.83, 74700.000000
1, 9.82, 133300.000000
1, 9.81, 41100.000000
1, 9.80, 51500.000000
1, 9.79, 27300.000000
1, 9.78, 26300.000000
1, 9.77, 32400.000000
1, 9.76, 29900.000000
1, 9.75, 32100.000000
1, 9.74, 88800.000000
1, 9.73, 34600.000000
1, 9.72, 19700.000000
1, 9.71, 10800.000000
2, 9.70, 19500.000000
2, 9.69, 41600.000000
2, 9.68, 48100.000000
2, 9.67, 105400.000000
2, 9.66, 30000.000000
2, 9.65, 52800.000000
2, 9.64, 24300.000000
2, 9.63, 61700.000000
2, 9.62, 27200.000000
2, 9.61, 40900.000000
2, 9.60, 120400.000000
2, 9.59, 39900.000000
2, 9.58, 25700.000000
2, 9.57, 32600.000000
2, 9.56, 31200.000000
@, 9.70, 9.71
1, 9.86, 61800.000000
1, 9.85, 55800.000000
1, 9.84, 108900.000000
1, 9.83, 74700.000000
1, 9.82, 133300.000000
1, 9.81, 41100.000000
1, 9.80, 51500.000000
1, 9.79, 27300.000000
1, 9.78, 26300.000000
1, 9.77, 32400.000000
1, 9.76, 29900.000000
1, 9.75, 32100.000000
1, 9.74, 88800.000000
1, 9.73, 34600.000000
1, 9.72, 19700.000000
1, 9.71, 10800.000000
2, 9.70, 19500.000000
2, 9.69, 41600.000000
2, 9.68, 48100.000000
2, 9.67, 105400.000000
2, 9.66, 30000.000000
2, 9.65, 55300.000000
2, 9.64, 24300.000000
2, 9.63, 61700.000000
2, 9.62, 27200.000000
2, 9.61, 40900.000000
2, 9.60, 120400.000000
2, 9.59, 39900.000000
2, 9.58, 25700.000000
2, 9.57, 32600.000000
2, 9.56, 31200.000000
@, 9.70, 9.71
1, 9.86, 61800.000000
1, 9.85, 55800.000000
1, 9.84, 108900.000000
1, 9.83, 74700.000000
1, 9.82, 133300.000000
1, 9.81, 41100.000000
1, 9.80, 51500.000000
1, 9.79, 27300.000000
1, 9.78, 26300.000000
1, 9.77, 32400.000000
1, 9.76, 29900.000000
1, 9.75, 32100.000000
1, 9.74, 88800.000000
1, 9.73, 34600.000000
1, 9.72, 19700.000000
1, 9.71, 10700.000000
2, 9.70, 19400.000000
2, 9.69, 41600.000000
2, 9.68, 48100.000000
2, 9.67, 105400.000000
2, 9.66, 30000.000000
2, 9.65, 55300.000000
2, 9.64, 24300.000000
2, 9.63, 61700.000000
2, 9.62, 27200.000000
2, 9.61, 40900.000000
2, 9.60, 120400.000000
2, 9.59, 39900.000000
2, 9.58, 25700.000000
2, 9.57, 32600.000000
2, 9.56, 31200.000000
@