, 10.47, 10.50
1, 10.75, 100.000000
1, 10.74, 100.000000
1, 10.70, 200.000000
1, 10.67, 100.000000
1, 10.66, 600.000000
1, 10.65, 600.000000
1, 10.64, 200.000000
1, 10.63, 100.000000
1, 10.62, 400.000000
1, 10.61, 500.000000
1, 10.58, 21000.000000
1, 10.57, 300.000000
1, 10.55, 500.000000
1, 10.54, 1400.000000
1, 10.52, 200.000000
1, 10.50, 500.000000
2, 10.47, 700.000000
2, 10.45, 400.000000
2, 10.37, 100.000000
2, 10.34, 1900.000000
2, 10.30, 700.000000
2, 10.28, 1900.000000
2, 10.26, 100.000000
2, 10.23, 200.000000
2, 10.20, 900.000000
2, 10.19, 1000.000000
2, 10.16, 200.000000
2, 10.10, 1600.000000
2, 10.00, 500.000000
2, 9.94, 2000.000000
2, 9.90, 400.000000
@, 10.47, 10.50
1, 10.75, 100.000000
1, 10.74, 100.000000
1, 10.70, 200.000000
1, 10.67, 100.000000
1, 10.66, 600.000000
1, 10.65, 600.000000
1, 10.64, 200.000000
1, 10.63, 100.000000
1, 10.62, 400.000000
1, 10.61, 500.000000
1, 10.58, 21000.000000
1, 10.57, 300.000000
1, 10.55, 500.000000
1, 10.54, 1400.000000
1, 10.52, 200.000000
1, 10.50, 500.000000
2, 10.47, 700.000000
2, 10.45, 400.000000
2, 10.37, 100.000000
2, 10.34, 1900.000000
2, 10.30, 700.000000
2, 10.28, 1900.000000
2, 10.26, 100.000000
2, 10.23, 200.000000
2, 10.20, 900.000000
2, 10.19, 1000.000000
2, 10.16, 200.000000
2, 10.10, 1600.000000
2, 10.00, 500.000000
2, 9.94, 2000.000000
2, 9.90, 400.000000
@, 10.47, 10.50
1, 10.75, 100.000000
1, 10.74, 100.000000
1, 10.70, 200.000000
1, 10.67, 100.000000
1, 10.66, 600.000000
1, 10.65, 600.000000
1, 10.64, 200.000000
1, 10.63, 100.000000
1, 10.62, 400.000000
1, 10.61, 500.000000
1, 10.58, 21000.000000
1, 10.57, 300.000000
1, 10.55, 500.000000
1, 10.54, 1400.000000
1, 10.52, 200.000000
1, 10.50, 500.000000
2, 10.47, 700.000000
2, 10.45, 400.000000
2, 10.37, 100.000000
2, 10.34, 1900.000000
2, 10.30, 700.000000
2, 10.28, 1900.000000
2, 10.26, 100.000000
2, 10.23, 200.000000
2, 10.20, 900.000000
2, 10.19, 1000.000000
2, 10.16, 200.000000
2, 10.10, 1600.000000
2, 10.00, 500.000000
2, 9.94, 2000.000000
2, 9.90, 400.000000
@, 10.47, 10.50
1, 10.75, 100.000000
1, 10.74, 100.000000
1, 10.70, 200.000000
1, 10.67, 100.000000
1, 10.66, 600.000000
1, 10.65, 600.000000
1, 10.64, 200.000000
1, 10.63, 100.000000
1, 10.62, 400.000000
1, 10.61, 500.000000
1, 10.58, 21000.000000
1, 10.57, 300.000000
1, 10.55, 500.000000
1, 10.54, 1400.000000
1, 10.52, 200.000000
1, 10.50, 500.000000
2, 10.47, 700.000000
2, 10.45, 400.000000
2, 10.37, 100.000000
2, 10.34, 1900.000000
2, 10.30, 700.000000
2, 10.28, 1900.000000
2, 10.26, 100.000000
2, 10.23, 200.000000
2, 10.20, 900.000000
2, 10.19, 1000.000000
2, 10.16, 200.000000
2, 10.10, 1600.000000
2, 10.00, 500.000000
2, 9.94, 2000.000000
2, 9.90, 400.000000
@, 10.47, 10.50
1, 10.75, 100.000000
1, 10.74, 100.000000
1, 10.70, 200.000000
1, 10.67, 100.000000
1, 10.66, 600.000000
1, 10.65, 600.000000
1, 10.64, 200.000000
1, 10.63, 100.000000
1, 10.62, 400.000000
1, 10.61, 500.000000
1, 10.58, 21000.000000
1, 10.57, 300.000000
1, 10.55, 500.000000
1, 10.54, 1400.000000
1, 10.52, 200.000000
1, 10.50, 500.000000
2, 10.47, 700.000000
2, 10.45, 400.000000
2, 10.37, 100.000000
2, 10.34, 1900.000000
2, 10.30, 700.000000
2, 10.28, 1900.000000
2, 10.26, 100.000000
2, 10.23, 200.000000
2, 10.20, 900.000000
2, 10.19, 1000.000000
2, 10.16, 200.000000
2, 10.10, 1600.000000
2, 10.00, 500.000000
2, 9.94, 2000.000000
2, 9.90, 400.000000
@, 10.47, 10.50
1, 10.75, 100.000000
1, 10.74, 100.000000
1, 10.70, 200.000000
1, 10.67, 100.000000
1, 10.66, 600.000000
1, 10.65, 600.000000
1, 10.64, 200.000000
1, 10.63, 100.000000
1, 10.62, 400.000000
1, 10.61, 500.000000
1, 10.58, 21000.000000
1, 10.57, 300.000000
1, 10.55, 500.000000
1, 10.54, 1400.000000
1, 10.52, 200.000000
1, 10.50, 500.000000
2, 10.47, 700.000000
2, 10.45, 400.000000
2, 10.37, 100.000000
2, 10.34, 1900.000000
2, 10.30, 700.000000
2, 10.28, 1900.000000
2, 10.26, 100.000000
2, 10.23, 200.000000
2, 10.20, 900.000000
2, 10.19, 1000.000000
2, 10.16, 200.000000
2, 10.10, 1600.000000
2, 10.00, 500.000000
2, 9.94, 2000.000000
2, 9.90, 400.000000
@, 10.47, 10.50
1, 10.75, 100.000000
1, 10.74, 100.000000
1, 10.70, 200.000000
1, 10.67, 100.000000
1, 10.66, 600.000000
1, 10.65, 600.000000
1, 10.64, 200.000000
1, 10.63, 100.000000
1, 10.62, 400.000000
1, 10.61, 500.000000
1, 10.58, 21000.000000
1, 10.57, 300.000000
1, 10.55, 500.000000
1, 10.54, 1400.000000
1, 10.52, 200.000000
1, 10.50, 500.000000
2, 10.47, 700.000000
2, 10.45, 400.000000
2, 10.37, 100.000000
2, 10.34, 1900.000000
2, 10.30, 700.000000
2, 10.28, 1900.000000
2, 10.26, 100.000000
2, 10.23, 200.000000
2, 10.20, 900.000000
2, 10.19, 1000.000000
2, 10.16, 200.000000
2, 10.10, 1600.000000
2, 10.00, 500.000000
2, 9.94, 2000.000000
2, 9.90, 400.000000
@, 10.47, 10.50
1, 10.75, 100.000000
1, 10.74, 100.000000
1, 10.70, 200.000000
1, 10.67, 100.000000
1, 10.66, 600.000000
1, 10.65, 600.000000
1, 10.64, 200.000000
1, 10.63, 100.000000
1, 10.62, 400.000000
1, 10.61, 500.000000
1, 10.58, 21000.000000
1, 10.57, 300.000000
1, 10.55, 500.000000
1, 10.54, 1400.000000
1, 10.52, 200.000000
1, 10.50, 500.000000
2, 10.47, 700.000000
2, 10.45, 400.000000
2, 10.37, 100.000000
2, 10.34, 1900.000000
2, 10.30, 700.000000
2, 10.28, 1900.000000
2, 10.26, 100.000000
2, 10.23, 200.000000
2, 10.20, 900.000000
2, 10.19, 1000.000000
2, 10.16, 200.000000
2, 10.10, 1600.000000
2, 10.00, 500.000000
2, 9.94, 2000.000000
2, 9.90, 400.000000
@, 10.47, 10.50
1, 10.75, 100.000000
1, 10.74, 100.000000
1, 10.70, 200.000000
1, 10.67, 100.000000
1, 10.66, 600.000000
1, 10.65, 600.000000
1, 10.64, 200.000000
1, 10.63, 100.000000
1, 10.62, 400.000000
1, 10.61, 500.000000
1, 10.58, 21000.000000
1, 10.57, 300.000000
1, 10.55, 500.000000
1, 10.54, 1400.000000
1, 10.52, 200.000000
1, 10.50, 500.000000
2, 10.47, 700.000000
2, 10.45, 400.000000
2, 10.37, 100.000000
2, 10.34, 1900.000000
2, 10.30, 700.000000
2, 10.28, 1900.000000
2, 10.26, 100.000000
2, 10.23, 200.000000
2, 10.20, 900.000000
2, 10.19, 1000.000000
2, 10.16, 200.000000
2, 10.10, 1600.000000
2, 10.00, 500.000000
2, 9.94, 2000.000000
2, 9.90, 400.000000
@, 10.47, 10.50
1, 10.75, 100.000000
1, 10.74, 100.000000
1, 10.70, 200.000000
1, 10.67, 100.000000
1, 10.66, 600.000000
1, 10.65, 600.000000
1, 10.64, 200.000000
1, 10.63, 100.000000
1, 10.62, 400.000000
1, 10.61, 500.000000
1, 10.58, 21000.000000
1, 10.57, 300.000000
1, 10.55, 500.000000
1, 10.54, 1400.000000
1, 10.52, 200.000000
1, 10.50, 500.000000
2, 10.47, 700.000000
2, 10.45, 400.000000
2, 10.37, 100.000000
2, 10.34, 1900.000000
2, 10.30, 700.000000
2, 10.28, 1900.000000
2, 10.26, 100.000000
2, 10.23, 200.000000
2, 10.20, 900.000000
2, 10.19, 1000.000000
2, 10.16, 200.000000
2, 10.10, 1600.000000
2, 10.00, 500.000000
2, 9.94, 2000.000000
2, 9.90, 400.000000
@