, 52.96, 52.97
1, 53.12, 5200.000000
1, 53.11, 4800.000000
1, 53.10, 21200.000000
1, 53.09, 4900.000000
1, 53.08, 7200.000000
1, 53.07, 19000.000000
1, 53.06, 6200.000000
1, 53.05, 6200.000000
1, 53.04, 15100.000000
1, 53.03, 8500.000000
1, 53.02, 13800.000000
1, 53.01, 27700.000000
1, 53.00, 4600.000000
1, 52.99, 3300.000000
1, 52.98, 4200.000000
1, 52.97, 1400.000000
2, 52.96, 100.000000
2, 52.95, 2400.000000
2, 52.94, 5700.000000
2, 52.93, 4100.000000
2, 52.92, 4200.000000
2, 52.91, 4500.000000
2, 52.90, 5800.000000
2, 52.89, 15400.000000
2, 52.88, 5700.000000
2, 52.87, 5300.000000
2, 52.86, 20400.000000
2, 52.85, 10100.000000
2, 52.84, 5200.000000
2, 52.83, 14300.000000
2, 52.82, 6500.000000
@, 52.95, 52.96
1, 53.11, 4800.000000
1, 53.10, 21200.000000
1, 53.09, 4900.000000
1, 53.08, 7200.000000
1, 53.07, 19000.000000
1, 53.06, 6200.000000
1, 53.05, 6200.000000
1, 53.04, 15100.000000
1, 53.03, 8500.000000
1, 53.02, 8800.000000
1, 53.01, 32700.000000
1, 53.00, 9600.000000
1, 52.99, 3300.000000
1, 52.98, 4300.000000
1, 52.97, 1800.000000
1, 52.96, 300.000000
2, 52.95, 1900.000000
2, 52.94, 5400.000000
2, 52.93, 4100.000000
2, 52.92, 4200.000000
2, 52.91, 4500.000000
2, 52.90, 5800.000000
2, 52.89, 15400.000000
2, 52.88, 5700.000000
2, 52.87, 5300.000000
2, 52.86, 15400.000000
2, 52.85, 10100.000000
2, 52.84, 10200.000000
2, 52.83, 14300.000000
2, 52.82, 6500.000000
2, 52.81, 3800.000000
@, 52.95, 52.96
1, 53.11, 4800.000000
1, 53.10, 21200.000000
1, 53.09, 4900.000000
1, 53.08, 7200.000000
1, 53.07, 19000.000000
1, 53.06, 6200.000000
1, 53.05, 6200.000000
1, 53.04, 15100.000000
1, 53.03, 8500.000000
1, 53.02, 8800.000000
1, 53.01, 37700.000000
1, 53.00, 9600.000000
1, 52.99, 3300.000000
1, 52.98, 4300.000000
1, 52.97, 1800.000000
1, 52.96, 200.000000
2, 52.95, 1900.000000
2, 52.94, 5400.000000
2, 52.93, 4100.000000
2, 52.92, 4200.000000
2, 52.91, 4500.000000
2, 52.90, 5800.000000
2, 52.89, 15400.000000
2, 52.88, 5700.000000
2, 52.87, 5300.000000
2, 52.86, 15400.000000
2, 52.85, 10100.000000
2, 52.84, 10200.000000
2, 52.83, 14300.000000
2, 52.82, 6500.000000
2, 52.81, 3800.000000
@, 52.95, 52.96
1, 53.11, 4800.000000
1, 53.10, 21200.000000
1, 53.09, 4900.000000
1, 53.08, 7200.000000
1, 53.07, 19000.000000
1, 53.06, 6200.000000
1, 53.05, 6100.000000
1, 53.04, 15100.000000
1, 53.03, 8500.000000
1, 53.02, 8800.000000
1, 53.01, 37700.000000
1, 53.00, 9600.000000
1, 52.99, 3300.000000
1, 52.98, 4200.000000
1, 52.97, 1100.000000
1, 52.96, 1400.000000
2, 52.95, 1900.000000
2, 52.94, 5200.000000
2, 52.93, 4300.000000
2, 52.92, 4200.000000
2, 52.91, 4500.000000
2, 52.90, 5800.000000
2, 52.89, 15400.000000
2, 52.88, 5700.000000
2, 52.87, 5300.000000
2, 52.86, 15400.000000
2, 52.85, 10100.000000
2, 52.84, 10200.000000
2, 52.83, 14300.000000
2, 52.82, 6500.000000
2, 52.81, 3800.000000
@, 52.95, 52.96
1, 53.11, 4800.000000
1, 53.10, 21200.000000
1, 53.09, 4900.000000
1, 53.08, 7200.000000
1, 53.07, 19000.000000
1, 53.06, 6200.000000
1, 53.05, 6100.000000
1, 53.04, 15100.000000
1, 53.03, 8500.000000
1, 53.02, 8800.000000
1, 53.01, 38400.000000
1, 53.00, 9600.000000
1, 52.99, 5100.000000
1, 52.98, 5200.000000
1, 52.97, 1100.000000
1, 52.96, 1400.000000
2, 52.95, 1900.000000
2, 52.94, 3400.000000
2, 52.93, 4300.000000
2, 52.92, 4200.000000
2, 52.91, 4500.000000
2, 52.90, 5800.000000
2, 52.89, 15400.000000
2, 52.88, 5700.000000
2, 52.87, 5300.000000
2, 52.86, 15400.000000
2, 52.85, 10100.000000
2, 52.84, 10200.000000
2, 52.83, 14300.000000
2, 52.82, 6500.000000
2, 52.81, 3800.000000
@, 52.95, 52.96
1, 53.11, 4800.000000
1, 53.10, 21200.000000
1, 53.09, 4900.000000
1, 53.08, 7200.000000
1, 53.07, 19000.000000
1, 53.06, 6200.000000
1, 53.05, 6100.000000
1, 53.04, 15100.000000
1, 53.03, 7700.000000
1, 53.02, 8800.000000
1, 53.01, 38400.000000
1, 53.00, 9600.000000
1, 52.99, 5100.000000
1, 52.98, 5200.000000
1, 52.97, 1100.000000
1, 52.96, 1500.000000
2, 52.95, 1900.000000
2, 52.94, 2100.000000
2, 52.93, 4300.000000
2, 52.92, 3600.000000
2, 52.91, 4500.000000
2, 52.90, 5800.000000
2, 52.89, 15400.000000
2, 52.88, 5700.000000
2, 52.87, 5300.000000
2, 52.86, 15400.000000
2, 52.85, 10100.000000
2, 52.84, 10200.000000
2, 52.83, 14300.000000
2, 52.82, 6500.000000
2, 52.81, 3800.000000
@, 52.95, 52.96
1, 53.11, 4800.000000
1, 53.10, 21200.000000
1, 53.09, 4900.000000
1, 53.08, 7200.000000
1, 53.07, 19000.000000
1, 53.06, 6200.000000
1, 53.05, 6100.000000
1, 53.04, 15100.000000
1, 53.03, 7700.000000
1, 53.02, 8800.000000
1, 53.01, 38400.000000
1, 53.00, 9600.000000
1, 52.99, 5100.000000
1, 52.98, 5200.000000
1, 52.97, 1100.000000
1, 52.96, 1300.000000
2, 52.95, 1900.000000
2, 52.94, 2100.000000
2, 52.93, 4300.000000
2, 52.92, 3600.000000
2, 52.91, 4500.000000
2, 52.90, 5800.000000
2, 52.89, 15400.000000
2, 52.88, 5700.000000
2, 52.87, 5300.000000
2, 52.86, 15400.000000
2, 52.85, 10100.000000
2, 52.84, 10200.000000
2, 52.83, 14300.000000
2, 52.82, 6500.000000
2, 52.81, 3800.000000
@, 52.95, 52.96
1, 53.11, 4800.000000
1, 53.10, 21200.000000
1, 53.09, 4900.000000
1, 53.08, 7200.000000
1, 53.07, 19000.000000
1, 53.06, 6200.000000
1, 53.05, 6100.000000
1, 53.04, 15100.000000
1, 53.03, 7700.000000
1, 53.02, 8800.000000
1, 53.01, 38400.000000
1, 53.00, 9600.000000
1, 52.99, 5100.000000
1, 52.98, 5200.000000
1, 52.97, 1100.000000
1, 52.96, 1300.000000
2, 52.95, 1800.000000
2, 52.94, 2100.000000
2, 52.93, 4300.000000
2, 52.92, 3600.000000
2, 52.91, 4500.000000
2, 52.90, 5800.000000
2, 52.89, 15400.000000
2, 52.88, 5700.000000
2, 52.87, 5300.000000
2, 52.86, 15400.000000
2, 52.85, 10100.000000
2, 52.84, 10200.000000
2, 52.83, 14300.000000
2, 52.82, 6500.000000
2, 52.81, 3800.000000
@, 52.95, 52.96
1, 53.11, 4800.000000
1, 53.10, 21200.000000
1, 53.09, 4900.000000
1, 53.08, 7200.000000
1, 53.07, 19000.000000
1, 53.06, 6200.000000
1, 53.05, 11100.000000
1, 53.04, 15100.000000
1, 53.03, 7700.000000
1, 53.02, 8800.000000
1, 53.01, 33400.000000
1, 53.00, 4600.000000
1, 52.99, 5100.000000
1, 52.98, 5200.000000
1, 52.97, 1100.000000
1, 52.96, 1300.000000
2, 52.95, 1800.000000
2, 52.94, 2100.000000
2, 52.93, 4300.000000
2, 52.92, 3600.000000
2, 52.91, 4500.000000
2, 52.90, 5800.000000
2, 52.89, 15400.000000
2, 52.88, 5700.000000
2, 52.87, 5300.000000
2, 52.86, 15400.000000
2, 52.85, 10100.000000
2, 52.84, 10200.000000
2, 52.83, 14300.000000
2, 52.82, 6500.000000
2, 52.81, 3800.000000
@, 52.95, 52.96
1, 53.11, 4800.000000
1, 53.10, 21200.000000
1, 53.09, 4900.000000
1, 53.08, 7200.000000
1, 53.07, 19000.000000
1, 53.06, 6200.000000
1, 53.05, 6100.000000
1, 53.04, 15100.000000
1, 53.03, 7700.000000
1, 53.02, 8800.000000
1, 53.01, 33400.000000
1, 53.00, 4600.000000
1, 52.99, 5100.000000
1, 52.98, 5200.000000
1, 52.97, 1100.000000
1, 52.96, 1500.000000
2, 52.95, 1800.000000
2, 52.94, 2100.000000
2, 52.93, 4300.000000
2, 52.92, 3600.000000
2, 52.91, 4500.000000
2, 52.90, 5800.000000
2, 52.89, 15400.000000
2, 52.88, 5700.000000
2, 52.87, 5300.000000
2, 52.86, 20400.000000
2, 52.85, 10100.000000
2, 52.84, 5200.000000
2, 52.83, 14300.000000
2, 52.82, 6500.000000
2, 52.81, 3800.000000
@