, 47.73, 47.74
1, 47.89, 600.000000
1, 47.88, 5200.000000
1, 47.87, 900.000000
1, 47.86, 1000.000000
1, 47.85, 19200.000000
1, 47.84, 2000.000000
1, 47.83, 1300.000000
1, 47.82, 1300.000000
1, 47.81, 1200.000000
1, 47.80, 6300.000000
1, 47.79, 1900.000000
1, 47.78, 1000.000000
1, 47.77, 1300.000000
1, 47.76, 1100.000000
1, 47.75, 1600.000000
1, 47.74, 100.000000
2, 47.73, 600.000000
2, 47.72, 4200.000000
2, 47.71, 900.000000
2, 47.70, 1100.000000
2, 47.69, 1100.000000
2, 47.68, 1200.000000
2, 47.67, 1600.000000
2, 47.66, 700.000000
2, 47.65, 2600.000000
2, 47.64, 1900.000000
2, 47.63, 6300.000000
2, 47.62, 12200.000000
2, 47.61, 1500.000000
2, 47.60, 900.000000
2, 47.59, 400.000000
@, 47.74, 47.75
1, 47.90, 6800.000000
1, 47.89, 600.000000
1, 47.88, 5200.000000
1, 47.87, 900.000000
1, 47.86, 7000.000000
1, 47.85, 13200.000000
1, 47.84, 2000.000000
1, 47.83, 1300.000000
1, 47.82, 1300.000000
1, 47.81, 1200.000000
1, 47.80, 6300.000000
1, 47.79, 1900.000000
1, 47.78, 1000.000000
1, 47.77, 1100.000000
1, 47.76, 1900.000000
1, 47.75, 200.000000
2, 47.74, 600.000000
2, 47.73, 500.000000
2, 47.72, 4200.000000
2, 47.71, 900.000000
2, 47.70, 1100.000000
2, 47.69, 1100.000000
2, 47.68, 1200.000000
2, 47.67, 1600.000000
2, 47.66, 700.000000
2, 47.65, 2600.000000
2, 47.64, 1900.000000
2, 47.63, 12300.000000
2, 47.62, 6200.000000
2, 47.61, 1500.000000
2, 47.60, 900.000000
@, 47.74, 47.76
1, 47.91, 900.000000
1, 47.90, 6800.000000
1, 47.89, 600.000000
1, 47.88, 5200.000000
1, 47.87, 900.000000
1, 47.86, 7000.000000
1, 47.85, 14200.000000
1, 47.84, 1000.000000
1, 47.83, 1300.000000
1, 47.82, 1300.000000
1, 47.81, 1200.000000
1, 47.80, 6300.000000
1, 47.79, 1500.000000
1, 47.78, 800.000000
1, 47.77, 1100.000000
1, 47.76, 1300.000000
2, 47.74, 900.000000
2, 47.73, 500.000000
2, 47.72, 4600.000000
2, 47.71, 900.000000
2, 47.70, 11100.000000
2, 47.69, 1100.000000
2, 47.68, 1200.000000
2, 47.67, 1600.000000
2, 47.66, 700.000000
2, 47.65, 2600.000000
2, 47.64, 7500.000000
2, 47.63, 6300.000000
2, 47.62, 6200.000000
2, 47.61, 1500.000000
2, 47.60, 900.000000
@, 47.75, 47.77
1, 47.92, 1200.000000
1, 47.91, 900.000000
1, 47.90, 6800.000000
1, 47.89, 600.000000
1, 47.88, 5200.000000
1, 47.87, 6900.000000
1, 47.86, 2000.000000
1, 47.85, 13200.000000
1, 47.84, 1000.000000
1, 47.83, 1200.000000
1, 47.82, 1300.000000
1, 47.81, 1200.000000
1, 47.80, 6400.000000
1, 47.79, 1300.000000
1, 47.78, 300.000000
1, 47.77, 1400.000000
2, 47.75, 200.000000
2, 47.74, 1700.000000
2, 47.73, 800.000000
2, 47.72, 5100.000000
2, 47.71, 900.000000
2, 47.70, 11100.000000
2, 47.69, 1200.000000
2, 47.68, 1200.000000
2, 47.67, 1600.000000
2, 47.66, 1700.000000
2, 47.65, 2200.000000
2, 47.64, 12500.000000
2, 47.63, 300.000000
2, 47.62, 6200.000000
2, 47.61, 1500.000000
@, 47.75, 47.76
1, 47.91, 900.000000
1, 47.90, 6800.000000
1, 47.89, 600.000000
1, 47.88, 11200.000000
1, 47.87, 900.000000
1, 47.86, 2000.000000
1, 47.85, 13200.000000
1, 47.84, 1000.000000
1, 47.83, 1200.000000
1, 47.82, 1300.000000
1, 47.81, 1200.000000
1, 47.80, 6400.000000
1, 47.79, 1300.000000
1, 47.78, 300.000000
1, 47.77, 1100.000000
1, 47.76, 100.000000
2, 47.75, 500.000000
2, 47.74, 1000.000000
2, 47.73, 800.000000
2, 47.72, 1200.000000
2, 47.71, 900.000000
2, 47.70, 11100.000000
2, 47.69, 1200.000000
2, 47.68, 1200.000000
2, 47.67, 1600.000000
2, 47.66, 1700.000000
2, 47.65, 8200.000000
2, 47.64, 6500.000000
2, 47.63, 300.000000
2, 47.62, 6200.000000
2, 47.61, 1500.000000
@, 47.75, 47.77
1, 47.92, 1200.000000
1, 47.91, 900.000000
1, 47.90, 6800.000000
1, 47.89, 600.000000
1, 47.88, 5200.000000
1, 47.87, 6900.000000
1, 47.86, 2000.000000
1, 47.85, 13200.000000
1, 47.84, 1400.000000
1, 47.83, 1200.000000
1, 47.82, 1300.000000
1, 47.81, 1200.000000
1, 47.80, 6400.000000
1, 47.79, 1100.000000
1, 47.78, 700.000000
1, 47.77, 4200.000000
2, 47.75, 600.000000
2, 47.74, 700.000000
2, 47.73, 800.000000
2, 47.72, 1200.000000
2, 47.71, 900.000000
2, 47.70, 11100.000000
2, 47.69, 1200.000000
2, 47.68, 1200.000000
2, 47.67, 1600.000000
2, 47.66, 1700.000000
2, 47.65, 2200.000000
2, 47.64, 12500.000000
2, 47.63, 300.000000
2, 47.62, 6200.000000
2, 47.61, 1500.000000
@, 47.75, 47.77
1, 47.92, 1200.000000
1, 47.91, 900.000000
1, 47.90, 6800.000000
1, 47.89, 600.000000
1, 47.88, 5200.000000
1, 47.87, 6900.000000
1, 47.86, 2000.000000
1, 47.85, 13200.000000
1, 47.84, 1400.000000
1, 47.83, 1200.000000
1, 47.82, 1300.000000
1, 47.81, 1200.000000
1, 47.80, 6400.000000
1, 47.79, 1100.000000
1, 47.78, 700.000000
1, 47.77, 4200.000000
2, 47.75, 600.000000
2, 47.74, 700.000000
2, 47.73, 800.000000
2, 47.72, 1200.000000
2, 47.71, 900.000000
2, 47.70, 11100.000000
2, 47.69, 1200.000000
2, 47.68, 1200.000000
2, 47.67, 1600.000000
2, 47.66, 1700.000000
2, 47.65, 2200.000000
2, 47.64, 12500.000000
2, 47.63, 300.000000
2, 47.62, 6200.000000
2, 47.61, 1500.000000
@, 47.75, 47.77
1, 47.92, 1200.000000
1, 47.91, 900.000000
1, 47.90, 6800.000000
1, 47.89, 600.000000
1, 47.88, 5200.000000
1, 47.87, 6900.000000
1, 47.86, 2000.000000
1, 47.85, 13600.000000
1, 47.84, 1400.000000
1, 47.83, 1200.000000
1, 47.82, 1300.000000
1, 47.81, 1200.000000
1, 47.80, 6400.000000
1, 47.79, 1100.000000
1, 47.78, 700.000000
1, 47.77, 4300.000000
2, 47.75, 1500.000000
2, 47.74, 700.000000
2, 47.73, 800.000000
2, 47.72, 1200.000000
2, 47.71, 900.000000
2, 47.70, 11100.000000
2, 47.69, 1200.000000
2, 47.68, 1200.000000
2, 47.67, 1600.000000
2, 47.66, 1700.000000
2, 47.65, 2200.000000
2, 47.64, 12500.000000
2, 47.63, 300.000000
2, 47.62, 6200.000000
2, 47.61, 1500.000000
@, 47.75, 47.77
1, 47.92, 1200.000000
1, 47.91, 900.000000
1, 47.90, 6800.000000
1, 47.89, 600.000000
1, 47.88, 5200.000000
1, 47.87, 6900.000000
1, 47.86, 2000.000000
1, 47.85, 13600.000000
1, 47.84, 1500.000000
1, 47.83, 1200.000000
1, 47.82, 1300.000000
1, 47.81, 1200.000000
1, 47.80, 6400.000000
1, 47.79, 1100.000000
1, 47.78, 700.000000
1, 47.77, 4300.000000
2, 47.75, 1500.000000
2, 47.74, 700.000000
2, 47.73, 800.000000
2, 47.72, 1200.000000
2, 47.71, 900.000000
2, 47.70, 11100.000000
2, 47.69, 1200.000000
2, 47.68, 1200.000000
2, 47.67, 1600.000000
2, 47.66, 1700.000000
2, 47.65, 2200.000000
2, 47.64, 12500.000000
2, 47.63, 300.000000
2, 47.62, 6200.000000
2, 47.61, 1500.000000
@, 47.75, 47.76
1, 47.91, 900.000000
1, 47.90, 6800.000000
1, 47.89, 600.000000
1, 47.88, 5200.000000
1, 47.87, 6900.000000
1, 47.86, 2000.000000
1, 47.85, 13600.000000
1, 47.84, 1500.000000
1, 47.83, 1200.000000
1, 47.82, 1300.000000
1, 47.81, 1100.000000
1, 47.80, 6400.000000
1, 47.79, 1100.000000
1, 47.78, 700.000000
1, 47.77, 4500.000000
1, 47.76, 100.000000
2, 47.75, 1300.000000
2, 47.74, 1000.000000
2, 47.73, 800.000000
2, 47.72, 1200.000000
2, 47.71, 900.000000
2, 47.70, 11100.000000
2, 47.69, 1200.000000
2, 47.68, 1200.000000
2, 47.67, 1600.000000
2, 47.66, 1700.000000
2, 47.65, 2200.000000
2, 47.64, 12500.000000
2, 47.63, 300.000000
2, 47.62, 6200.000000
2, 47.61, 1500.000000
@